0105000075
0802000139
0204000156
0910000044
0204000056
0805000078
0204000186
0204000161
0801000017
0102000210
0117000800
0117000852
0204000177
0802000133
0204000205
0305000081
0801000003
0910000051
0102000018
0910000238
0102000110
0802000135
0102000016
0102000259
0802000242
0102000258
0204000081
0102000206
0204000203
0305000079
0204000106
0805000073
0117000846
0102000008
0204000164
0805000066
0802000299
0906000079
0204000123
0204000152
0104000439
0910000240
0117000843
0910000046
0204000191
0805000050
0204000188
0102000270
0805000039
0802000044
0204000207
0117000854
0805000048
0102000202
0204000102
0910000247
0204000174
0903000030
0801000053
0117000415
0204000112
0117000848
0207001069
0102000109
0204000030
0802000143
0203000007
0204000036
0903000031
0910000249
0204000182
0202001221
0305000099
0204000201
0204000179
0805000043
0802000098
0802000042
0910000042
0204000148
0204000121
0117000841
0207001070
0120000834
0305000138
0204000026
0204000128
0305000077
0203000009
0117000847
0102000212
0202001220
0802000181
0102000204
0204000142
0805000075
0910000241
0202000401
0204000061
0102000015
0207001067
0910000045
0102000268
0305000083
0801000034
0204000135
0910000243
0204000181
0204000065
0906000080
0204000198
0117000850
0901000554
0201001484
0805000042
0207001068
0102000106
0102000152
0902000452
0102000013
0802000141
0102000122
0910000048
0102000269
0114000289
0204000059
0102000017
0902000453
0102000006
0102000150
0204000184
0204000196
0902000451
0117000383
0802000040
0802000240
0203000005
0805000035
0802000038
0204000075
0802000137
0903000027
0802000290
0204000055
0204000096
0102000014
0102000131
0204000193
0102000208
0910000052
0204000053
0204000172
0202000786
0910000244
0207001161
0204000078
0902000454
0102000011
0910000050
0910000246
0204000209