0202000595
0803000026
0602000054
0106000130
0106000133
0106000135
0106000136
0106000137
0106000138
0106000139
0106000141
0106000142
0106000143
0106000144
0111000029
0111000030
0111000031
0108000591
0108000592
0108000593
0108000594
0108000595
0108000596
0108000597
0108000598
0108000599
0108000600
0108000601
0108000602
0108000603
0108000604
0106000172
0103000025
0103000026
0109000126
0120000673
0120000674
0120000675
0120000676
0120000677
0120000678
0120000679
0120000680
0120000681
0120000682
0120000683
0120000684
0120000685
0120000686
0120000687
0120000688
0120000689
0120000690
0120000691
0120000692
0120000693
0120000694
0120000695
0120000696
0120000697
0120000698
0120000699
0120000700
0120000701
0120000702
0120000703
0120000704
0120000705
0120000706
0120000707
0120000708
0120000709
0120000710
0120000711
0120000712
0120000713
0802000277
0802000278
0802000280
0804000043
0804000044
0804000045
0804000047
0804000048
0802000281
0802000282
0602000056
0602000057
0602000058
0602000059
0602000060
0602000061
0602000062
0601000023
0602000063
0601000024
0602000072
0803000061
0803000062
0803000063
0803000064
0803000065
0803000066
0803000067
0803000068
0803000069
0803000070
0602000074
0602000076
0804000051
0106000188
0802000302
0802000304
0802000312
0802000313
0802000320
0802000321
0802000322
0802000323
0802000324
0802000325
0802000333
0802000334
0802000345
0802000353
0306000020
0202000594
0803000027
0602000055
0106000032
0106000030
0106000037
0106000039
0106000044
0106000043
0106000045
0106000056
0106000055
0106000057
0106000054
0111000007
0111000016
0111000019
0108000112
0108000114
0108000125
0108000115
0108000116
0108000117
0108000118
0108000119
0108000120
0108000126
0108000122
0108000123
0108000121
0108000124
0106000063
0103000016
0103000017
0109000073
0120000049
0120000050
0120000051
0120000052
0120000053
0120000054
0120000055
0120000056
0120000057
0120000058
0120000059
0120000060
0120000061
0120000062
0120000063
0120000064
0120000065
0120000066
0120000067
0120000068
0120000069
0120000070
0120000071
0120000072
0120000073
0120000074
0120000075
0120000076
0120000077
0120000078
0120000079
0120000080
0120000081
0120000082
0120000083
0120000084
0120000085
0120000086
0120000087
0120000088
0120000089
0802000013
0802000015
0802000019
0804000005
0804000002
0804000006
0804000029
0804000031
0802000007
0802000012
0602000018
0602000021
0602000036
0602000038
0602000040
0602000042
0602000044
0601000020
0602000052
0601000012
0602000051
0803000029
0803000030
0803000033
0803000035
0803000037
0803000039
0803000049
0803000051
0803000059
0803000060
0602000073
0602000075
0804000050
0106000187
0802000160
0802000035
0802000022
0802000204
0802000219
0802000023
0802000025
0802000025
0802000194
0802000221
0802000328
0802000034
0802000048
0802000180
0802000035
0802000034
0802000194
0801000036
0802000072
0904000184