0102000150
0102000015
0102000017
0102000109
0102000122
0102000131
0102000016
0102000018
0801000003
0801000017
0801000034
0802000181
0802000240
0802000242
0801000053
0111000033
0201001769
0702000332
0702000345
0120000829
0120000830
0202001220
0102000110
0201000513
0202000595
0117000075
0117000085
0201000514
0901000016
0303000017
0201000478
0201000479
0201000481
0201000482
0201000483
0201000486
0201000487
0201000499
0201000534
0201000535
0201000570
0201000586
0201000593
0201000594
0201000596
0201000597
0201000598
0201000599
0201000600
0201000601
0201000602
0201000603
0201000604
0201000605
0201000606
0201000607
0201000608
0201000609
0201000610
0201000611
0201000612
0201000613
0201000614
0201000623
0201000630
0201000631
0201000632
0201000633
0201000634
0201000637
0201000645
0201000665
0201000666
0201000667
0201000670
0201000671
0201000692
0201000693
0201000695
0201000696
0201000697
0201000699
0201000700
0201000701
0201000702
0201000703
0201000704
0201000705
0201000706
0201000707
0201000733
0201000741
0201000742
0201000744
0201000745
0201000746
0201000747
0201000748
0201000751
0201000752
0201000753
0201000754
0201000755
0201000756
0201000757
0201000760
0201000763
0201000764
0201000765
0201000766
0201000767
0201000771
0201000773
0201000774
0201000775
0201000776
0201000777
0201000784
0201000785
0201000786
0201000787
0201000788
0201000793
0201000796
0201000797
0201000798
0201000799
0201000800
0201000803
0201000806
0201000807
0201000808
0201000809
0201000810
0201000811
0201000815
0201000816
0201000817
0201000818
0201000819
0201000822
0201000823
0201000824
0201000825
0201000826
0201000829
0201000830
0201000831
0201000832
0201000833
0201000841
0117000117
0201000923
0201000924
0201000925
0201000926
0201000927
0201000928
0201000929
0201000930
0201000931
0201000932
0201000933
0201000934
0201000935
0201000936
0201000937
0201000938
0201000939
0201000940
0201000941
0201000942
0201000943
0201000944
0201000945
0201000946
0201000947
0201000948
0201000949
0201000950
0201000951
0201000952
0201000953
0201000954
0201000955
0201000956
0201000957
0201000958
0201000959
0201000960
0201000961
0201000962
0201000963
0201000964
0201000965
0201000966
0201000967
0201000968
0201000969
0201000970
0201000971
0201000972
0201000973
0201000974
0201000975
0201000976
0201000977
0201000978
0201000979
0201000980
0201000981
0201000982
0201000983
0201000984
0201000985
0201000986
0201000987
0201000988
0201000989
0201000990
0201000991
0201000992
0201000993
0201000994
0201000995
0201000996
0201000997
0201000998
0201000999
0201001000
0201001001
0201001002
0201001003
0201001004
0201001005
0201001006
0201001007
0201001008
0201001009
0201001010
0201001011
0201001012
0201001013
0201001014
0201001015
0201001016
0201001017
0201001018
0201001019
0201001020
0201001021
0201001022
0201001023
0201001024
0201001025
0201001026
0201001027
0201001028
0201001029
0201001030
0201001031
0201001032
0201001065
0201001066
0201001067
0201001071
0803000026
0201001163
0602000054
0106000130
0106000130
0106000133
0106000133
0106000135
0106000135
0106000136
0106000136
0106000137
0106000137
0106000138
0106000138
0106000139
0106000139
0106000141
0106000141
0106000142
0106000142
0106000143
0106000143
0106000144
0106000144
0111000029
0111000029
0111000030
0111000030
0111000031
0111000031
0102000252
0102000253
0108000591
0108000591
0108000592
0108000592
0108000593
0108000593
0108000594
0108000594
0108000595
0108000595
0108000596
0108000596
0108000597
0108000597
0108000598
0108000598
0108000599
0108000599
0108000600
0108000600
0108000601
0108000601
0108000602
0108000602
0108000603
0108000603
0108000604
0108000604
0106000172
0106000172
0902000529
0902000540
0910000393
0103000025
0103000025
0103000026
0103000026
0109000126
0109000126
0120000673
0120000674
0120000675
0120000676
0120000677
0120000678
0120000679
0120000680
0120000681
0120000682
0120000683
0120000684
0120000685
0120000686
0120000687
0120000688
0120000689
0120000690
0120000691
0120000692
0120000693
0120000694
0120000695
0120000696
0120000697
0120000698
0120000699
0120000700
0120000701
0120000702
0120000703
0120000704
0120000705
0120000706
0120000707
0120000708
0120000709
0120000710
0120000711
0120000712
0120000713
0120000714
0120000768
0120000777
0802000277
0802000278
0802000280
0804000043
0804000044
0804000045
0804000047
0804000048
0802000281
0802000282
0602000056
0602000057
0602000058
0602000059
0602000060
0602000061
0602000062
0601000023
0602000063
0601000024
0602000072
0117000757
0803000061
0803000062
0803000063
0803000064
0803000065
0803000066
0803000067
0803000068
0803000069
0803000070
0602000074
0602000076
0804000051
0106000188
0106000188
0802000302
0802000304
0802000312
0802000313
0802000320
0802000321
0802000322
0802000323
0802000324
0802000325
0803000055
0802000333
0802000334
0802000345
0802000353
0306000001
0306000002
0306000003
0306000004
0306000008
0306000009
0306000010
0306000011
0306000012
0306000016
0306000018
0306000020
0306000021