29617,0117000270
29618,0117000269
29619,0119000001
29620,0119000002
29621,0119000003
29622,0119000004
29623,0119000005
29624,0119000006
29625,0119000007
29626,0119000008
29627,0119000009
29628,0305000001
29629,0205000001
29630,0205000002
29631,0205000004
29632,0120000002
29633,0205000006
29634,0205000017
29635,0205000094
29636,0205000095
29637,0205000110
29638,0205000112
29639,0205000113
29640,0205000115
29641,0205000116
29642,0205000117
29643,0205000118
29644,0205000120
29645,0205000122
29646,0205000123
29647,0205000125
29648,0802000001
29649,0802000002
29650,0802000003
29651,0802000004
29652,0802000005
29653,0802000006
29654,0802000007
29655,0205000128
29656,0205000129
29657,0205000130
29658,0205000133
29659,0205000134
29660,0205000135
29661,0205000136
29662,0205000138
29663,0205000139
29664,0205000141
29665,0205000142
29666,0205000144
29667,0205000159
29668,0205000160
29669,0205000166
29670,0205000168
29671,0202000065
29672,0205000169
29673,0205000181
29674,0205000186
29675,0205000187
29676,0205000188
29677,0205000189
29678,0205000190
29679,0205000195
29680,0205000196
29681,0205000198
29682,0205000199
29683,0205000200
29684,0205000203
29685,0205000204
29686,0205000215
29687,0205000218
29688,0205000219
29689,0205000222
29690,0205000244
29691,0205000248
29692,0205000254
29693,0205000255
29694,0205000257
29695,0205000267
29697,0205000273
29698,0205000275
29699,0205000277
29700,0205000279
29701,0205000280
29703,0205000283
29704,0205000295
29705,0205000300
29706,0205000302
29707,0205000319
29708,0205000323
29709,0205000325
29710,0205000327
29711,0205000328
29712,0205000331
29713,0205000357
29714,0205000358
29715,0205000359
29716,0901000185
29717,0901000186
29719,0901000188
29720,0901000189
29721,0901000191
29722,0901000192
29723,0901000193
29724,0901000194
29725,0901000195
29726,0901000196
29727,0901000197
29728,0901000198
29729,0901000199
29730,0901000200
29731,0901000201
29732,0901000202
29733,0901000203
29734,0901000204
29735,0901000205
29736,0901000206
29737,0901000207
29738,0901000208
29739,0901000209
29740,0901000210
29741,0901000211
29742,0901000212
29743,0901000213
29744,0901000214
29745,0901000215
29746,0901000216
29747,0901000217
29748,0901000218
29749,0120000032
29750,0120000033
29751,0102000141
29752,0108000234
29753,0108000235
29754,0108000236
29755,0108000237
29756,0108000238
29757,0108000239
29758,0108000240
29759,0108000241
29760,0108000242
29761,0108000243
29762,0114000114
29763,0114000368
29764,0114000378
29765,0201000212
29766,0201000213
29767,0201000214
29768,0201000215
29769,0201000216
29770,0201000217
29771,0201000220
29772,0201000221
29773,0201000222
29774,0201000223
29775,0201000224
29776,0201000225
29777,0201000226
29778,0201000227
29779,0201000228
29780,0201000229
29781,0201000230
29782,0201000231
29783,0201000233
29784,0201000234
29785,0201000235
29786,0201000236
29787,0201000237
29788,0201000239
29789,0201000240
29790,0201000242
29791,0201000243
29792,0201000244
29793,0201000245
29794,0201000246
29795,0201000252
29796,0201000253
29797,0201000254
29798,0201000256
29799,0201000257
29800,0201000258
29801,0201000259
29802,0201000260
29803,0201000261
29804,0201000262
29805,0120000299
29806,0107000010
29807,0107000011
29812,0108000319
29813,0108000322
29814,0116000018
29815,0116000019
29816,0116000025
29817,0116000026
29818,0116000036
29819,0116000050
29820,0116000073
29824,0204000054
29827,0204000057
29828,0204000062
29829,0204000074
29830,0204000124
29831,0204000130
29832,0204000153
29833,0204000165
29834,0204000228
29835,0204000230
29836,0204000231
29837,0204000232
29838,0204000233
29839,0204000270
29840,0204000271
29841,0204000272
29842,0204000273
29843,0204000275
29844,0204000276
29845,0204000277
29846,0204000279
29847,0204000280
29848,0204000281
29849,0204000283
29850,0204000284
29851,0204000285
29852,0204000286
29855,0102000154
29856,0102000158
29857,0104000073
29858,0104000074
29859,0104000075
29860,0104000076
29861,0104000077
29862,0104000078
29863,0104000080
29864,0104000081
29865,0104000082
29866,0104000178
29867,0104000179
29868,0104000180
29869,0104000181
29870,0104000183
29871,0104000184
29872,0104000185
29873,0104000186
29874,0104000187
29875,0104000190
29876,0104000191
29877,0104000192
29878,0104000193
29879,0104000196
29880,0104000197
29881,0104000198
29882,0104000199
29883,0104000200
29884,0104000201
29885,0104000202
29886,0104000203
29887,0104000204
29888,0104000205
29889,0104000206
29890,0104000207
29891,0104000208
29892,0104000209
29893,0104000210
29894,0104000211
29895,0104000212
29896,0104000213
29897,0104000214
29898,0104000215
29899,0104000216
29900,0104000217
29901,0201000434
29902,0602000004
29903,0602000005
29904,0602000008
29905,0602000009
29906,0802000149
29907,0602000011
29908,0111000005
29909,0115000012
29910,0115000014
29911,0111000016
29912,0111000019
29913,0111000021
29914,0111000022
29915,0111000023
29916,0114000476
29917,0114000477
29918,0114000478
29919,0114000480
29920,0114000485
29921,0114000486
29922,0114000487
29923,0114000488
29924,0114000489
29925,0114000490
29926,0114000491
29927,0114000492
29928,0114000493
29929,0120000417
29930,0120000418
29931,0120000419
29932,0120000420
29933,0120000421
29934,0120000422
29935,0120000423
29936,0120000424
29937,0120000425
29938,0120000426
29939,0114000538
29940,0120000427
29941,0120000428
29942,0120000429
29943,0120000430
29944,0120000431
29945,0120000432
29946,0114000593
29947,0120000433
29948,0114000618
29949,0114000619
29950,0114000620
29951,0114000621
29952,0114000622
29953,0114000623
29954,0114000624
29955,0114000625
29956,0114000631
29957,0114000632
29958,0114000633
29959,0114000634
29960,0114000635
29961,0114000643
29962,0114000660
29963,0114000663
29964,0115000016
29965,0115000021
29966,0115000022
29967,0115000023
29968,0115000025
29969,0115000027
29970,0115000029
29971,0115000031
29972,0115000033
29973,0115000036
29974,0115000037
29975,0115000041
29981,0115000044
29983,0115000133
29984,0115000134
29985,0115000135
29986,0115000136
29987,0115000137
29988,0115000138
29989,0115000139
29990,0115000140
29991,0115000142
29992,0115000143
29993,0115000144
29994,0115000145
29995,0115000146
29996,0115000147
29997,0115000148
29998,0115000149
29999,0115000150
30000,0115000151
30001,0115000152
30002,0115000153
30003,0201000488
30004,0201000489
30005,0201000490
30006,0201000491
30007,0201000492
30008,0201000493
30009,0201000494
30010,0201000502
30014,0201000503
30015,0201000504
30016,0201000505
30017,0201000510
30018,0201000511
30019,0201000513
30020,0202000484
30021,0202000485
30022,0202000486
30023,0202000487
30024,0202000488
30025,0202000489
30026,0202000490
30027,0202000491
30028,0202000492
30029,0202000493
30030,0202000494
30031,0202000495
30032,0901000304
30033,0901000305
30034,0901000307
30035,0901000308
30036,0901000309
30037,0901000310
30038,0901000311
30039,0901000312
30040,0901000313
30041,0901000314
30042,0901000315
30043,0901000317
30044,0901000318
30045,0901000319
30046,0901000320
30047,0901000321
30048,0901000322
30049,0117000022
30050,0117000025
30051,0117000051
30052,0117000053
30053,0117000056
30054,0117000057
30055,0117000058
30056,0117000455
30057,0117000456
30058,0117000457
30059,0117000458
30060,0117000459
30061,0904000128
30062,0904000129
30063,0904000130
30064,0904000131
30065,0904000132
30066,0904000133
30067,0904000135
30068,0904000136
30069,0904000137
30070,0904000138
30071,0904000142
30072,0904000145
30073,0904000146
30074,0904000147
30075,0115000157
30076,0115000168
30077,0115000171
30078,0115000172
30079,0115000175
30080,0115000176
30081,0115000179
30082,0115000180
30083,0115000182
30084,0201000867
30085,0204000478
30086,0204000479
30087,0204000480
30088,0204000482
30089,0204000483
30090,0204000521
30091,0204000523
30092,0204000526
30093,0204000527
30094,0120000511
30095,0120000513
30096,0908000011
30097,0908000012
30098,0120000521
30099,0120000523
30100,0115000194
30101,0201000872
30102,0201000876
30103,0901000323
30104,0901000324
30105,0802000085
30106,0802000087
30107,0802000092
30108,0802000094
30109,0802000096
30112,0802000099
30113,0802000100
30114,0802000101
30115,0802000102
30116,0802000103
30117,0802000104
30118,0802000105
30119,0802000107
30120,0802000109
30121,0802000110
30122,0802000111
30123,0802000112
30124,0802000113
30125,0802000114
30126,0802000115
30127,0802000116
30129,0802000119
30130,0802000120
30131,0802000122
30132,0802000123
30133,0802000125
30134,0802000126
30135,0802000127
30136,0802000128
30137,0803000002
30138,0803000004
30139,0803000005
30140,0803000007
30141,0803000008
30142,0803000009
30143,0803000010
30144,0802000129
30145,0803000011
30146,0803000013
30147,0803000014
30148,0803000015
30149,0120000294
30150,0120000295
30151,0702000005
30152,0701000050
30153,0701000051
30154,0701000052
30155,0905000004
30156,0905000005
30157,0905000006
30158,0905000007
30159,0905000008
30160,0905000009
30161,0905000010
30162,0905000011
30163,0905000012
30164,0905000013
30165,0905000014
30166,0905000015
30167,0905000016
30168,0905000017
30169,0905000019
30170,0905000020
30171,0905000021
30172,0905000022
30173,0905000023
30174,0905000024
30175,0905000025
30176,0905000026
30177,0905000027
30178,0905000028
30179,0905000029
30180,0905000030
30181,0905000031
30182,0905000032
30183,0905000033
30184,0905000034
30185,0905000035
30186,0905000036
30187,0905000037
30188,0905000038
30189,0905000039
30190,0905000040
30191,0905000041
30192,0905000042
30193,0905000043
30194,0905000044
30195,0905000046
30196,0905000048
30197,0905000049
30198,0905000052
30199,0905000053
30200,0905000055
30201,0905000056
30202,0905000058
30203,0905000059
30204,0905000060
30205,0905000061
30206,0905000062
30207,0905000063
30208,0905000064
30209,0905000065
30210,0905000066
30211,0905000068
30212,0905000069
30213,0905000070
30214,0905000071
30215,0905000072
30216,0905000073
30217,0905000074
30218,0905000075
30219,0905000076
30220,0905000077
30221,0905000078
30222,0905000079
30223,0905000080
30224,0905000081
30225,0905000082
30226,0905000083
30227,0905000084
30228,0905000085
30229,0905000086
30230,0905000087
30231,0905000088
30232,0905000089
30233,0905000090
30234,0905000091
30235,0905000092
30236,0905000093
30237,0905000094
30238,0905000095
30239,0905000096
30240,0905000097
30241,0905000098
30242,0905000099
30243,0905000100
30244,0905000101
30245,0905000102
30246,0905000103
30247,0905000104
30248,0905000105
30249,0905000106
30250,0905000107
30251,0905000108
30252,0905000110
30253,0905000111
30254,0905000112
30255,0905000113
30256,0905000114
30257,0905000115
30258,0905000116
30259,0905000117
30260,0905000118
30261,0702000006
30262,0702000079
30263,0702000080
30264,0702000081
30265,0702000082
30266,0702000083
30267,0702000084
30268,0702000085
30269,0702000086
30270,0702000087
30271,0702000088
30272,0702000089
30273,0702000090
30274,0702000091
30275,0702000092
30276,0702000093
30277,0702000094
30278,0702000095
30279,0702000096
30280,0702000097
30281,0702000098
30282,0702000099
30283,0201000188
30284,0201000189
30285,0201000190
30286,0303000077
30287,0201000191
30288,0201000192
30289,0202000221
30290,0202000222
30291,0202000223
30292,0202000224
30293,0202000225
30294,0202000226
30295,0202000227
30296,0202000228
30297,0202000229
30298,0202000230
30299,0202000231
30300,0202000232
30301,0202000233
30302,0202000234
30303,0202000235
30304,0202000236
30305,0202000237
30306,0202000239
30307,0202000240
30308,0202000241
30309,0202000243
30310,0202000244
30311,0202000245
30312,0202000246
30313,0202000247
30314,0202000249
30315,0202000250
30316,0202000254
30317,0202000256
30318,0202000257
30319,0305000038
30320,0305000039
30321,0305000040
30322,0305000041
30323,0305000042
30324,0305000043
30325,0305000044
30326,0305000045
30327,0305000046
30328,0305000047
30329,0305000048
30330,0305000049
30331,0203000154
30332,0203000155
30333,0203000156
30334,0203000157
30335,0203000158
30336,0203000159
30337,0203000160
30338,0203000161
30339,0203000162
30340,0203000163
30341,0203000164
30342,0203000165
30343,0203000166
30344,0203000167
30345,0203000168
30346,0203000169
30347,0203000170
30348,0203000171
30349,0203000173
30350,0203000174
30351,0203000183
30352,0203000184
30353,0203000188
30354,0203000189
30355,0203000190
30356,0203000191
30357,0203000192
30358,0203000193
30359,0203000194
30360,0203000199
30361,0203000200
30362,0203000201
30363,0203000202
30364,0203000203
30365,0203000204
30366,0203000212
30367,0203000213
30368,0203000214
30369,0203000215
30370,0203000216
30371,0203000217
30372,0203000218
30373,0203000219
30374,0203000220
30375,0203000228
30376,0203000229
30377,0203000233
30378,0203000234
30379,0203000235
30380,0203000236
30381,0203000237
30382,0203000247
30383,0203000248
30384,0203000249
30385,0203000250
30386,0203000251
30387,0203000252
30388,0203000253
30389,0203000255
30390,0203000256
30391,0203000257
30392,0203000258
30393,0203000259
30394,0203000260
30395,0203000261
30396,0203000262
30397,0203000263
30398,0203000264
30399,0203000265
30400,0203000266
30401,0203000267
30402,0203000268
30403,0203000269
30404,0203000270
30405,0203000271
30406,0203000272
30407,0203000273
30408,0203000274
30409,0203000276
30410,0203000277
30411,0203000278
30412,0203000279
30413,0203000280
30414,0203000281
30415,0203000282
30416,0304000012
30417,0304000013
30418,0304000014
30419,0303000106
30420,0303000107
30421,0303000108
30422,0303000109
30423,0303000110
30424,0303000111
30425,0302000006
30426,0303000112
30427,0303000114
30428,0303000115
30429,0303000116
30430,0303000117
30431,0303000118
30432,0303000119
30433,0303000120
30434,0303000121
30435,0304000015
30436,0304000016
30437,0304000017
30438,0302000007
30439,0303000122
30440,0303000123
30441,0305000060
30442,0305000061
30443,0305000062
30444,0305000063
30445,0303000124
30446,0303000125
30447,0304000018
30448,0303000126
30449,0303000128
30450,0303000129
30451,0303000130
30452,0303000131
30453,0303000132
30454,0303000133
30455,0116000132
30456,0116000133
30457,0116000134
30458,0116000135
30459,0116000136
30460,0116000137
30461,0116000138
30462,0116000139
30463,0116000140
30465,0115000005
30466,0104000083
30467,0104000084
30468,0104000086
30469,0104000087
30470,0104000088
30471,0104000089
30472,0104000090
30473,0104000091
30474,0104000092
30475,0104000094
30476,0104000096
30477,0104000098
30478,0104000100
30479,0104000101
30480,0104000102
30481,0104000105
30482,0104000106
30483,0104000107
30484,0104000109
30485,0104000110
30486,0104000111
30487,0104000112
30488,0104000113
30489,0104000114
30490,0104000115
30491,0104000171
30492,0115000077
30493,0115000079
30494,0115000080
30495,0115000082
30496,0115000084
30497,0115000086
30498,0115000094
30499,0115000096
30500,0115000098
30501,0115000100
30502,0115000103
30503,0115000107
30504,0115000108
30505,0115000111
30506,0115000112
30507,0203000341
30508,0203000342
30509,0203000343
30510,0203000344
30511,0203000345
30512,0203000346
30513,0203000347
30514,0203000348
30515,0203000349
30516,0203000350
30517,0203000352
30518,0203000353
30519,0203000354
30520,0203000356
30521,0203000357
30522,0203000358
30523,0203000359
30524,0303000226
30525,0203000366
30526,0203000367
30527,0203000368
30528,0203000369
30529,0203000370
30530,0203000371
30531,0203000372
30532,0203000373
30533,0203000374
30534,0203000375
30535,0203000376
30536,0203000377
30537,0203000378
30538,0203000380
30539,0203000381
30540,0203000382
30541,0203000383
30542,0203000384
30543,0203000385
30544,0203000386
30545,0203000387
30546,0203000388
30547,0203000389
30548,0203000390
30549,0203000391
30550,0203000392
30551,0203000393
30552,0203000394
30553,0203000395
30554,0203000396
30555,0203000397
30556,0303000227
30557,0906000042
30567,0906000061
30568,0906000062
30578,0906000073
30579,0906000074
30585,0202000534
30586,0202000535
30587,0202000536
30588,0202000537
30589,0202000538
30590,0202000539
30591,0202000540
30592,0202000541
30593,0202000542
30596,0202000579
30599,0202000585
30600,0202000586
30603,0502000014
30604,0502000016
30605,0502000018
30606,0502000019
30607,0502000021
30608,0502000022
30609,0502000024
30610,0502000026
30611,0502000027
30612,0502000029
30613,0202000592
30615,0202000593
30619,0202000597
30620,0202000598
30627,0907000045
30630,0907000048
30632,0907000050
30635,0907000053
30656,0203000413
30657,0120000497
30658,0120000498
30659,0201000864
30660,0201000865
30661,0205001582
30662,0205001584
30663,0205001585
30664,0205001587
30667,0908000015
30673,0908000021
30674,0908000022
30675,0304000028
30685,0205001638
30686,0205001639
30687,0205001640
30688,0205001641
30689,0205001642
30690,0205001643
30691,0205001644
30692,0103000014
30693,0103000017
30694,0904000149
30695,0904000151
30696,0904000153
30697,0904000155
30698,0904000156
30699,0904000158
30700,0904000160
30701,0904000162
30702,0904000163
30703,0904000164
30704,0910000070
30705,0910000073
30706,0910000076
30707,0910000081
30708,0910000085
30709,0910000087
30710,0910000088
30711,0910000091
30712,0910000094
30713,0910000097
30714,0910000099
30715,0910000102
30716,0910000104
30717,0910000107
30718,0910000111
30719,0910000112
30723,0910000163
30724,0910000164
30725,0910000165
30726,0910000166
30727,0910000167
30728,0910000168
30729,0910000169
30730,0910000170
30731,0910000171
30732,0910000172
30733,0910000173
30734,0910000174
30735,0910000175
30736,0910000176
30737,0910000177
30738,0910000179
30739,0910000180
30740,0910000181
30741,0910000182
30742,0910000183
30743,0910000184
30744,0910000185
30745,0910000186
30746,0910000187
30747,0910000188
30750,0205001779
30770,0205001780
30771,0205001781
30772,0205001782
30773,0910000212
30774,0910000213
30777,0910000229
30778,0910000231
30779,0910000233
30781,0910000239
30784,0910000242
30787,0910000245
30790,0910000248
30792,0910000251
30793,0910000266
30794,0910000267
30795,0910000270
30796,0910000273
30797,0910000276
30798,0207000036
30799,0207000037
30800,0207000040
30801,0207000041
30802,0207000042
30803,0207000043
30804,0207000059
30805,0207000060
30806,0207000061
30807,0207000062
30808,0207000063
30809,0207000064
30810,0207000065
30811,0207000066
30812,0207000067
30813,0207000068
30814,0207000069
30815,0207000070
30816,0207000071
30817,0207000072
30818,0207000073
30819,0207000074
30820,0207000076
30821,0207000077
30822,0207000078
30823,0207000079
30824,0207000080
30825,0207000081
30826,0207000082
30827,0207000083
30828,0207000084
30829,0207000085
30830,0207000086
30831,0207000170
30832,0207000171
30833,0207000172
30834,0207000173
30835,0207000174
30836,0207000175
30837,0207000176
30838,0207000177
30839,0207000178
30840,0207000179
30841,0207000182
30842,0207000183
30843,0207000184
30844,0207000185
30845,0207000186
30846,0207000187
30847,0207000188
30848,0207000189
30849,0207000190
30850,0207000191
30851,0207000192
30852,0207000193
30853,0207000194
30854,0207000195
30855,0207000196
30856,0207000197
30857,0207000198
30858,0207000199
30859,0207000200
30860,0207000201
30861,0207000207
30862,0207000208
30863,0207000209
30864,0207000210
30865,0207000215
30867,0207000217
30868,0207000218
30869,0207000219
30870,0207000233
30871,0207000235
30872,0207000239
30873,0207000243
30874,0207000507
30875,0207000508
30877,0207000510
30879,0207000512
30880,0207000513
30881,0207000514
30882,0207000515
30883,0207000516
30884,0207000517
30885,0207000518
30886,0207000519
30887,0207000520
30904,0207000613
30909,0207000635
30911,0207000637
30917,0207000830
30918,0207000831
30922,0207000835
30923,0207000836
30924,0207000864
30925,0207000865
30926,0207000866
30927,0207000867
30928,0207000868
30929,0207000869
30930,0207000870
30931,0207000872
30932,0207000873
30936,0305000162
30937,0305000163
30938,0305000164
30939,0305000165
30940,0202000631
30941,0203000444
30944,0303000242
30945,0202000645
30947,0303000243
30948,0303000245
30949,0304000029
30950,0203000448
30951,0202000657
30952,0203000449
30953,0202000661
30954,0202000663
30955,0202000664
30956,0303000249
30957,0203000451
30958,0202000672
30959,0202000673
30960,0202000674
30961,0202000686
30963,0203000453
30964,0202000688
30965,0304000031
30966,0304000032
30967,0303000250
30968,0302000038
30969,0303000252
30970,0202000701
30971,0202000702
30972,0203000456
30973,0203000457
30974,0304000034
30976,0105000002
30977,0120000001
30978,0105000006
30979,0101000015
30980,0101000017
30981,0101000022
30982,0101000025
30983,0101000027
30984,0120000011
30985,0115000001
30986,0102000001
30987,0102000002
30988,0102000003
30996,0102000024
30997,0102000025
30998,0102000028
30999,0102000029
31000,0102000030
31001,0102000032
31002,0102000033
31003,0102000035
31004,0102000037
31005,0102000040
31006,0102000042
31007,0102000044
31008,0102000045
31009,0102000047
31010,0102000049
31011,0102000051
31012,0102000053
31013,0102000055
31014,0102000057
31015,0102000059
31016,0102000061
31017,0102000065
31018,0102000066
31019,0102000069
31020,0102000070
31021,0102000073
31022,0102000074
31026,0102000092
31027,0106000001
31028,0106000002
31029,0106000003
31030,0106000004
31031,0102000105
31035,0115000003
31036,0102000114
31037,0102000117
31038,0102000121
31041,0802000086
31042,0802000106
31043,0802000124
31044,0102000136
31045,0102000139
31046,0102000143
31047,0102000146
31048,0303000075
31049,0305000019
31050,0305000020
31051,0305000021
31052,0305000022
31053,0305000023
31054,0305000024
31055,0305000025
31056,0305000026
31057,0305000027
31058,0305000028
31059,0905000018
31061,0204000012
31075,0303000093
31081,0202000242
31082,0303000099
31084,0108000001
31085,0108000002
31086,0108000003
31087,0108000004
31088,0108000005
31089,0108000006
31090,0108000007
31091,0108000008
31092,0108000009
31093,0108000010
31094,0108000011
31095,0108000012
31096,0108000013
31097,0108000014
31098,0108000015
31099,0108000016
31100,0108000017
31101,0108000018
31102,0108000019
31103,0108000020
31104,0108000021
31105,0108000022
31106,0108000023
31107,0108000024
31108,0108000025
31109,0108000026
31110,0108000027
31111,0108000028
31112,0108000029
31113,0108000030
31114,0108000031
31115,0108000033
31116,0108000034
31117,0108000035
31118,0108000036
31119,0108000037
31120,0108000038
31121,0108000039
31122,0108000040
31123,0108000041
31124,0108000042
31125,0108000043
31126,0108000044
31127,0108000045
31128,0108000047
31129,0108000048
31130,0108000049
31131,0108000053
31132,0108000056
31133,0108000059
31134,0108000061
31135,0108000063
31136,0108000064
31137,0108000065
31138,0108000066
31139,0108000067
31140,0108000068
31141,0108000069
31142,0108000070
31143,0108000071
31144,0108000072
31145,0108000108
31146,0108000109
31147,0108000110
31148,0108000111
31149,0108000112
31150,0108000113
31151,0108000114
31152,0108000116
31153,0108000117
31154,0108000118
31155,0108000119
31156,0108000120
31157,0108000121
31158,0108000122
31159,0108000124
31160,0108000125
31161,0108000126
31162,0108000128
31163,0108000131
31164,0108000132
31165,0108000134
31166,0108000136
31167,0108000139
31168,0108000141
31169,0108000143
31170,0108000145
31171,0108000147
31172,0108000150
31173,0108000152
31174,0108000153
31175,0108000155
31176,0108000156
31177,0108000159
31178,0108000161
31179,0108000164
31180,0108000166
31181,0108000167
31182,0108000169
31183,0108000170
31184,0108000171
31185,0108000172
31186,0108000173
31187,0108000174
31188,0108000175
31189,0108000176
31190,0108000177
31191,0108000178
31192,0108000179
31193,0108000180
31194,0108000181
31195,0108000182
31196,0108000183
31197,0108000184
31198,0108000185
31199,0108000186
31200,0108000187
31201,0108000188
31202,0108000189
31203,0108000190
31204,0108000191
31205,0108000192
31206,0108000193
31207,0108000194
31208,0108000195
31209,0108000197
31210,0108000198
31211,0108000199
31212,0108000200
31213,0108000201
31214,0108000202
31215,0108000203
31216,0108000204
31217,0108000205
31218,0108000206
31219,0108000207
31220,0108000208
31221,0108000209
31222,0108000210
31223,0108000211
31224,0108000212
31225,0108000213
31226,0108000214
31227,0108000215
31228,0108000216
31229,0108000217
31230,0108000218
31231,0108000219
31232,0108000220
31233,0108000221
31234,0108000222
31235,0108000223
31236,0108000224
31237,0108000225
31238,0108000226
31239,0108000227
31240,0108000228
31241,0108000229
31242,0108000230
31243,0108000231
31244,0108000232
31245,0108000233
31246,0104000011
31247,0104000012
31248,0104000013
31249,0104000014
31250,0104000015
31251,0104000016
31252,0114000339
31253,0106000023
31254,0106000024
31268,0106000058
31269,0106000063
31270,0105000013
31271,0120000307
31272,0108000244
31302,0104000021
31303,0104000022
31304,0104000023
31305,0104000024
31306,0104000025
31307,0104000026
31308,0104000028
31309,0104000030
31310,0104000032
31311,0104000034
31312,0104000036
31313,0104000037
31314,0104000039
31315,0104000041
31316,0104000043
31317,0104000045
31318,0104000047
31319,0104000048
31320,0104000050
31321,0104000051
31322,0104000052
31323,0104000059
31324,0104000060
31325,0104000061
31326,0104000062
31327,0104000063
31328,0104000064
31329,0104000065
31330,0107000009
31341,0108000248
31342,0108000250
31343,0108000252
31344,0108000255
31345,0108000257
31346,0108000258
31347,0108000263
31348,0108000265
31349,0108000267
31350,0108000269
31351,0108000272
31352,0108000273
31353,0108000276
31354,0108000278
31355,0108000281
31356,0108000283
31357,0108000286
31358,0108000288
31359,0108000292
31360,0108000294
31361,0108000296
31362,0108000300
31363,0108000302
31364,0108000305
31365,0108000307
31366,0108000310
31367,0108000313
31368,0108000316
31369,0108000325
31370,0108000327
31371,0108000328
31372,0108000330
31373,0108000331
31379,0105000016
31380,0120000351
31385,0115000006
31386,0115000007
31392,0601000012
31395,0204000052
31396,0204000066
31397,0204000088
31398,0204000092
31399,0204000111
31401,0204000114
31403,0204000117
31404,0204000118
31405,0204000122
31406,0204000136
31407,0204000229
31408,0204000274
31409,0204000282
31410,0105000022
31413,0104000093
31417,0104000103
31418,0104000104
31420,0104000137
31421,0104000138
31422,0104000139
31423,0104000140
31424,0104000141
31425,0104000142
31426,0104000143
31427,0104000144
31428,0104000145
31429,0104000146
31430,0104000147
31431,0104000148
31432,0104000172
31433,0104000182
31434,0104000257
31435,0104000258
31436,0115000008
31437,0101000037
31438,0107000025
31439,0120000365
31440,0104000260
31441,0104000261
31442,0116000215
31443,0116000216
31444,0116000217
31445,0116000218
31446,0116000219
31447,0116000220
31448,0116000221
31449,0116000222
31450,0116000223
31451,0116000224
31452,0104000263
31453,0104000265
31454,0104000267
31455,0104000269
31456,0104000272
31457,0104000274
31458,0104000275
31459,0104000277
31460,0104000279
31461,0104000281
31462,0104000283
31463,0104000285
31464,0104000287
31465,0104000289
31466,0104000291
31467,0104000293
31468,0104000295
31469,0104000296
31470,0104000297
31471,0104000301
31472,0104000303
31473,0104000305
31474,0104000307
31475,0104000309
31476,0104000311
31477,0104000313
31478,0104000315
31479,0104000317
31480,0104000319
31481,0104000321
31482,0120000379
31483,0120000380
31484,0120000381
31485,0120000382
31486,0120000383
31487,0120000384
31488,0120000385
31489,0120000386
31490,0120000387
31491,0120000388
31492,0120000389
31493,0120000390
31494,0120000391
31495,0120000392
31496,0120000393
31497,0120000394
31498,0104000322
31499,0104000324
31500,0113000003
31501,0113000004
31502,0113000009
31503,0120000415
31504,0111000013
31505,0118000014
31506,0118000016
31507,0118000018
31508,0118000020
31509,0118000022
31510,0118000026
31511,0118000028
31512,0118000030
31513,0106000074
31514,0118000033
31515,0106000083
31516,0106000090
31517,0106000094
31518,0106000099
31519,0106000104
31520,0120000437
31521,0120000438
31522,0901000135
31523,0901000136
31527,0120000451
31528,0120000452
31529,0120000453
31530,0118000035
31540,0115000091
31541,0115000114
31545,0115000124
31550,0203000355
31551,0203000379
31552,0117000001
31553,0117000002
31554,0117000003
31555,0117000004
31556,0117000005
31557,0117000006
31558,0117000007
31559,0117000009
31560,0117000010
31561,0117000012
31562,0117000013
31563,0117000014
31564,0117000015
31565,0117000017
31566,0117000018
31567,0117000019
31568,0117000020
31569,0117000021
31570,0117000023
31571,0117000024
31572,0117000026
31579,0117000031
31580,0117000032
31581,0117000035
31582,0117000037
31583,0117000038
31584,0117000039
31585,0117000040
31586,0117000041
31587,0117000042
31588,0117000043
31589,0117000044
31590,0117000045
31591,0117000046
31592,0117000047
31593,0117000048
31594,0117000050
31595,0117000052
31596,0117000054
31597,0117000059
31647,0117000131
31648,0117000132
31649,0117000133
31650,0117000137
31651,0117000143
31652,0117000145
31653,0117000146
31654,0117000171
31655,0117000172
31656,0117000173
31657,0117000174
31658,0117000175
31659,0117000176
31660,0117000177
31661,0117000178
31662,0117000179
31663,0117000181
31664,0117000182
31665,0117000183
31666,0117000184
31667,0117000185
31668,0117000186
31669,0117000187
31670,0117000188
31671,0117000189
31672,0117000190
31673,0117000191
31674,0117000192
31675,0117000193
31676,0117000194
31677,0117000196
31678,0117000197
31679,0117000198
31680,0117000199
31681,0117000200
31682,0117000203
31683,0117000204
31684,0117000205
31685,0117000206
31686,0117000207
31687,0117000208
31688,0117000209
31689,0117000211
31690,0117000212
31691,0117000213
31692,0117000214
31693,0117000215
31694,0117000216
31695,0117000217
31696,0117000218
31697,0117000220
31698,0117000221
31699,0117000222
31700,0117000223
31701,0117000224
31702,0117000225
31703,0117000226
31704,0117000227
31705,0117000228
31706,0117000229
31707,0117000230
31708,0117000231
31709,0117000232
31710,0117000233
31711,0117000234
31712,0117000235
31713,0117000236
31714,0117000237
31715,0117000238
31716,0117000239
31717,0117000240
31718,0117000241
31719,0117000242
31720,0117000243
31721,0117000244
31722,0117000245
31723,0117000246
31724,0117000247
31725,0117000248
31726,0117000249
31727,0117000250
31728,0117000251
31729,0117000252
31730,0117000253
31731,0117000254
31732,0117000255
31733,0117000256
31734,0117000257
31735,0117000258
31736,0117000259
31737,0117000260
31738,0117000261
31739,0117000262
31740,0117000263
31741,0117000264
31742,0117000265
31743,0117000266
31744,0117000267
31745,0117000268
31746,0117000271
31747,0117000272
31748,0117000273
31749,0117000274
31750,0117000275
31751,0117000276
31752,0117000277
31753,0117000278
31755,0117000280
31756,0117000281
31757,0117000282
31758,0117000283
31759,0117000284
31760,0117000285
31761,0117000286
31762,0117000287
31763,0117000288
31764,0117000289
31765,0117000290
31766,0117000291
31767,0117000292
31768,0117000293
31769,0117000294
31770,0117000295
31771,0117000296
31772,0117000297
31773,0117000298
31774,0117000299
31775,0117000300
31776,0117000301
31777,0117000302
31778,0117000303
31779,0117000304
31780,0117000305
31781,0117000306
31782,0117000307
31783,0117000308
31784,0117000309
31785,0117000310
31786,0117000311
31787,0117000312
31788,0117000313
31789,0117000314
31790,0117000315
31791,0117000316
31792,0117000317
31793,0117000318
31794,0117000319
31795,0117000320
31796,0117000321
31797,0117000322
31798,0117000323
31799,0117000324
31800,0117000325
31801,0117000326
31802,0117000327
31803,0117000328
31804,0117000329
31805,0117000330
31806,0117000331
31807,0117000332
31808,0117000333
31809,0117000334
31810,0117000335
31811,0117000336
31812,0117000337
31813,0117000338
31814,0117000339
31815,0117000340
31816,0117000341
31817,0117000342
31818,0117000343
31819,0117000344
31820,0117000345
31821,0117000346
31822,0117000347
31823,0117000348
31824,0117000349
31825,0117000350
31826,0117000351
31827,0117000352
31828,0117000353
31829,0117000354
31830,0117000355
31831,0117000356
31832,0117000357
31833,0117000358
31834,0117000359
31835,0117000360
31836,0117000361
31837,0117000363
31838,0117000364
31839,0117000365
31840,0117000366
31841,0117000367
31842,0117000368
31843,0117000369
31844,0117000370
31845,0117000371
31846,0117000374
31847,0117000376
31848,0117000377
31849,0117000378
31850,0117000379
31851,0117000380
31852,0117000381
31853,0117000382
31855,0117000384
31856,0117000385
31857,0117000386
31858,0117000387
31859,0117000388
31860,0117000389
31861,0117000390
31862,0117000391
31863,0117000392
31864,0117000393
31865,0117000394
31866,0117000395
31867,0117000396
31868,0117000397
31869,0117000398
31870,0117000399
31871,0117000400
31872,0117000401
31873,0117000402
31874,0117000403
31875,0117000404
31876,0117000405
31877,0117000406
31878,0117000407
31879,0117000408
31880,0117000409
31881,0117000410
31882,0117000411
31883,0117000412
31884,0117000413
31885,0117000416
31886,0117000417
31887,0117000418
31888,0117000439
31889,0117000441
31890,0117000442
31891,0117000443
31892,0117000444
31893,0117000445
31894,0117000446
31895,0117000448
31896,0117000449
31897,0117000450
31898,0117000451
31899,0117000452
31900,0117000453
31901,0117000454
31902,0117000460
31903,0117000462
31904,0117000464
31905,0117000466
31906,0117000468
31907,0117000470
31908,0117000472
31909,0117000474
31910,0117000476
31911,0117000478
31912,0117000480
31913,0117000482
31914,0117000484
31915,0117000486
31916,0117000488
31917,0117000490
31918,0117000492
31919,0117000494
31920,0117000496
31921,0117000497
31922,0117000498
31923,0117000499
31924,0117000500
31925,0117000501
31926,0117000502
31927,0117000503
31928,0117000504
31929,0117000505
31930,0117000506
31931,0117000507
31932,0117000508
31933,0117000509
31934,0117000510
31935,0117000544
31936,0117000547
31937,0117000557
31938,0117000558
31939,0117000559
31947,0502000011
31948,0502000013
31952,0204000481
31953,0103000013
31954,0103000016
31955,0802000172
31961,0910000192
31963,0910000236
31982,0205000003
31983,0205000010
31984,0205000032
31985,0205000127
31986,0205000132
31987,0205000259
31988,0205000261
31989,0205000263
31990,0205000265
31991,0205000342
31992,0205000368
31993,0205000369
31994,0205000370
31995,0205000373
31996,0205000374
31997,0901000190
31998,0205000378
31999,0201000238
32000,0201000241
32001,0201000255
32002,0602000013
32003,0114000479
32004,0114000494
32005,0114000636
32006,0114000637
32007,0115000018
32008,0115000034
32009,0201000514
32025,0901000306
32026,0117000362
32027,0904000134
32028,0904000141
32029,0115000167
32030,0115000184
32033,0204000517
32034,0204000519
32035,0120000512
32036,0115000196
32037,0201000873
32038,0201000874
32039,0201000875
32040,0201000877
32042,0111000001
32043,0105000001
32056,0205000007
32058,0205000009
32069,0205000022
32070,0205000023
32155,0105000004
32156,0105000005
32157,0120000003
32165,0906000002
32166,0906000003
32167,0906000004
32168,0501000001
32169,0501000002
32170,0501000004
32171,0501000005
32172,0501000007
32224,0203000002
32225,0203000003
32243,0501000008
32244,0802000011
32245,0802000012
32246,0802000013
32247,0802000015
32249,0802000019
32253,0110000001
32254,0110000002
32257,0109000001
32258,0109000002
32259,0109000003
32260,0109000004
32261,0109000005
32262,0109000006
32263,0109000007
32264,0109000008
32265,0109000009
32266,0109000010
32268,0202000004
32269,0202000005
32270,0202000006
32271,0202000007
32272,0202000008
32273,0202000009
32274,0202000010
32275,0202000011
32276,0202000012
32277,0202000013
32278,0202000014
32279,0202000015
32280,0202000016
32282,0202000018
32283,0202000019
32284,0202000020
32286,0502000001
32287,0502000002
32292,0202000022
32306,0202000036
32309,0202000039
32317,0202000047
32339,0202000053
32344,0202000055
32345,0202000056
32349,0202000057
32350,0202000058
32351,0202000059
32352,0202000060
32353,0202000061
32354,0202000062
32355,0202000063
32359,0202000067
32360,0202000068
32361,0202000069
32362,0202000070
32378,0202000076
32379,0202000077
32383,0202000078
32384,0202000079
32392,0202000080
32393,0202000081
32394,0202000082
32395,0202000083
32396,0202000084
32397,0202000085
32412,0202000087
32436,0109000011
32437,0109000012
32438,0303000003
32439,0303000004
32440,0303000005
32441,0303000006
32442,0303000007
32448,0601000001
32449,0114000001
32450,0114000002
32452,0114000004
32453,0114000005
32454,0114000006
32455,0114000007
32456,0114000008
32457,0114000009
32458,0114000010
32459,0114000011
32460,0114000012
32461,0114000013
32462,0114000014
32463,0114000015
32464,0114000016
32465,0114000017
32466,0114000018
32467,0114000019
32468,0114000020
32472,0202000108
32473,0202000109
32475,0202000111
32476,0202000112
32477,0202000113
32493,0110000004
32494,0110000006
32519,0303000008
32520,0802000022
32524,0902000001
32531,0902000015
32532,0902000017
32537,0902000027
32538,0902000029
32539,0902000031
32540,0902000033
32554,0902000060
32555,0902000061
32556,0902000062
32557,0902000063
32558,0902000064
32652,0902000147
32653,0902000148
32654,0902000149
32655,0902000150
32656,0902000151
32657,0902000152
32658,0902000153
32659,0902000154
32660,0902000155
32661,0902000156
32662,0902000157
32663,0902000158
32664,0902000159
32665,0902000160
32666,0902000161
32668,0902000163
32758,0902000239
32759,0902000242
32760,0902000245
32761,0902000248
32762,0902000251
32763,0902000254
32764,0902000257
32765,0902000258
32768,0902000261
32771,0120000014
32773,0902000265
32774,0902000267
32775,0902000269
32776,0120000015
32777,0120000016
32778,0120000017
32784,0201000019
32787,0305000002
32808,0201000026
32809,0201000027
32810,0201000028
32811,0201000029
32812,0201000030
32813,0201000031
32814,0201000032
32815,0201000033
32816,0201000034
32817,0201000035
32818,0201000036
32896,0102000093
32897,0102000094
32900,0120000018
32902,0120000019
32935,0305000004
32964,0202000143
32965,0202000144
32966,0202000145
32967,0202000146
32968,0202000147
32969,0202000148
32970,0202000149
32971,0202000150
32972,0202000151
32973,0202000152
32974,0202000153
32975,0105000007
32976,0105000009
32977,0118000001
32978,0118000002
32979,0118000003
32980,0118000004
32981,0118000005
32988,0118000006
32989,0118000007
32990,0118000008
32991,0118000009
32992,0118000010
32993,0118000011
32994,0118000012
32995,0118000013
32996,0103000002
32997,0103000004
32998,0103000006
32999,0103000008
33000,0901000001
33001,0901000002
33002,0901000003
33003,0901000004
33004,0901000005
33005,0901000006
33006,0901000007
33007,0901000008
33008,0901000009
33009,0901000010
33010,0901000011
33011,0901000012
33012,0901000013
33013,0901000014
33014,0901000015
33015,0901000016
33016,0901000017
33017,0901000018
33022,0901000019
33023,0901000020
33024,0901000021
33025,0901000022
33026,0901000023
33027,0901000024
33028,0901000025
33029,0901000026
33030,0901000027
33031,0901000028
33032,0901000029
33033,0901000030
33034,0901000031
33035,0901000032
33036,0901000033
33037,0901000034
33038,0901000035
33039,0901000036
33040,0901000037
33041,0901000038
33042,0901000039
33043,0901000040
33044,0901000041
33045,0901000042
33046,0901000043
33047,0901000044
33048,0901000045
33049,0901000046
33050,0901000047
33051,0901000048
33067,0901000049
33068,0901000050
33069,0901000051
33070,0901000052
33071,0901000053
33072,0901000054
33073,0901000055
33074,0901000056
33075,0901000057
33076,0901000058
33077,0901000059
33078,0901000060
33079,0901000061
33080,0901000062
33081,0901000063
33082,0901000064
33083,0901000065
33084,0901000066
33085,0901000067
33086,0901000068
33087,0901000069
33088,0901000070
33089,0901000071
33090,0901000072
33091,0901000073
33092,0901000074
33093,0901000075
33094,0901000076
33095,0901000077
33096,0901000078
33133,0901000109
33134,0901000110
33135,0901000111
33136,0901000112
33137,0901000113
33138,0901000114
33139,0305000005
33140,0305000006
33141,0305000007
33142,0305000008
33143,0304000004
33144,0304000005
33145,0304000006
33146,0304000007
33147,0304000008
33148,0304000009
33149,0304000010
33150,0304000011
33151,0802000023
33152,0802000025
33156,0120000023
33157,0120000024
33158,0120000025
33159,0120000026
33160,0120000027
33161,0120000028
33162,0120000029
33163,0120000030
33164,0601000003
33227,0901000117
33228,0901000118
33229,0901000119
33230,0901000120
33231,0901000121
33232,0901000122
33241,0901000131
33242,0901000132
33264,0901000159
33265,0901000160
33269,0901000164
33270,0901000165
33271,0901000166
33272,0901000167
33273,0901000168
33282,0901000175
33284,0901000177
33296,0901000223
33299,0901000226
33301,0901000228
33302,0901000229
33303,0901000230
33306,0901000231
33307,0901000232
33308,0901000233
33309,0901000234
33320,0205000389
33336,0901000235
33339,0901000238
33340,0901000239
33341,0901000242
33342,0901000243
33344,0901000245
33345,0901000246
33347,0901000248
33348,0901000249
33350,0901000251
33351,0901000254
33371,0305000009
33394,0204000001
33397,0802000028
33398,0802000031
33399,0802000032
33400,0802000033
33401,0802000034
33402,0805000003
33405,0802000039
33407,0802000041
33409,0802000043
33411,0802000045
33412,0802000046
33413,0802000048
33414,0802000049
33415,0802000050
33419,0802000057
33420,0802000058
33423,0202000178
33424,0202000179
33425,0202000180
33426,0202000181
33427,0205000407
33436,0120000031
33437,0120000034
33438,0120000035
33439,0120000036
33440,0120000037
33441,0120000038
33442,0120000039
33443,0120000040
33444,0120000041
33445,0120000042
33446,0120000043
33447,0120000044
33448,0120000045
33449,0120000046
33450,0120000047
33451,0120000048
33452,0120000049
33453,0120000050
33454,0120000051
33455,0120000052
33456,0120000053
33457,0120000054
33458,0120000055
33459,0120000056
33460,0120000057
33461,0120000058
33462,0120000059
33463,0120000060
33464,0120000061
33465,0120000062
33466,0120000063
33467,0120000064
33468,0120000065
33469,0120000066
33470,0120000067
33471,0120000068
33472,0120000069
33473,0120000070
33474,0120000071
33475,0120000072
33476,0120000073
33477,0120000074
33478,0120000075
33479,0120000076
33480,0120000077
33481,0120000078
33482,0120000079
33483,0120000080
33484,0120000081
33485,0120000082
33486,0120000083
33487,0120000084
33488,0120000085
33489,0120000086
33490,0120000087
33491,0120000088
33492,0120000089
33493,0120000090
33494,0120000091
33495,0120000092
33496,0120000093
33497,0120000094
33499,0120000095
33500,0120000096
33501,0120000097
33502,0120000098
33503,0120000099
33504,0120000100
33505,0120000101
33506,0120000102
33507,0120000103
33508,0120000104
33509,0120000105
33510,0120000106
33511,0120000107
33512,0120000108
33513,0120000109
33514,0120000110
33515,0120000111
33516,0120000112
33517,0120000113
33518,0120000114
33519,0120000115
33520,0120000116
33521,0120000117
33522,0120000118
33523,0120000119
33524,0120000120
33525,0120000121
33526,0120000122
33527,0120000123
33528,0120000124
33529,0120000125
33530,0120000126
33531,0120000127
33532,0120000128
33533,0120000129
33534,0120000130
33535,0120000131
33536,0120000132
33537,0120000133
33538,0120000134
33539,0120000135
33540,0120000136
33541,0120000137
33542,0120000138
33543,0120000139
33544,0120000140
33545,0120000141
33546,0120000142
33547,0120000143
33548,0120000144
33549,0120000145
33550,0120000146
33551,0120000148
33552,0120000149
33553,0120000151
33554,0120000152
33555,0120000153
33556,0120000154
33563,0120000155
33564,0120000156
33565,0120000157
33566,0120000158
33567,0120000159
33568,0120000160
33569,0120000161
33570,0120000162
33571,0120000163
33572,0120000164
33573,0120000165
33574,0120000166
33575,0120000167
33576,0120000168
33577,0120000169
33578,0120000170
33579,0120000171
33580,0120000172
33581,0120000173
33582,0120000174
33583,0120000175
33584,0120000176
33585,0120000177
33586,0120000178
33587,0120000179
33588,0120000180
33589,0120000181
33590,0120000182
33591,0120000183
33592,0120000184
33603,0120000185
33604,0120000186
33605,0120000187
33606,0120000188
33607,0120000189
33608,0120000191
33609,0120000192
33610,0120000193
33611,0120000194
33612,0120000195
33613,0120000196
33614,0120000197
33615,0120000198
33616,0120000199
33617,0120000200
33618,0120000201
33619,0120000202
33620,0120000203
33719,0120000279
33720,0120000280
33721,0120000281
33722,0120000282
33723,0120000283
33724,0120000284
33725,0120000285
33726,0120000286
33727,0120000287
33731,0120000291
33740,0601000005
33741,0602000001
33744,0202000192
33745,0202000193
33760,0205000424
33761,0205000425
33764,0105000011
33765,0305000010
33766,0305000011
33767,0305000012
33768,0305000013
33769,0102000097
33771,0102000101
33772,0102000102
33877,0904000027
33878,0904000028
33879,0904000029
33881,0904000031
33883,0904000033
33884,0904000034
33885,0904000035
33886,0904000036
33887,0904000037
33888,0904000038
33889,0904000039
33890,0904000040
33891,0904000041
33892,0904000042
33894,0904000044
33895,0904000045
33898,0904000047
33901,0904000050
33903,0904000052
33904,0904000053
33906,0904000055
33908,0904000057
33911,0904000060
33912,0904000061
33915,0904000064
33917,0904000066
33918,0904000067
33922,0904000071
33924,0904000073
33925,0904000074
33929,0904000078
33930,0904000079
33931,0904000080
33932,0904000081
33933,0904000082
33934,0904000083
33935,0904000084
33936,0904000085
33937,0904000086
33938,0904000087
33939,0904000088
33940,0904000089
33941,0904000090
33942,0904000091
33943,0904000092
33944,0904000093
33945,0904000094
33946,0904000095
33947,0904000096
33948,0904000097
33949,0904000098
33950,0904000099
33958,0201000084
33959,0201000085
33998,0702000003
34003,0303000012
34021,0501000010
34022,0203000028
34048,0801000001
34049,0801000002
34051,0801000004
34052,0801000005
34053,0801000006
34054,0801000025
34055,0801000007
34056,0801000008
34057,0801000009
34058,0801000010
34059,0801000011
34060,0801000012
34061,0801000013
34062,0801000014
34063,0801000015
34065,0801000018
34066,0801000019
34067,0801000020
34072,0303000014
34073,0303000015
34074,0303000016
34075,0303000017
34076,0303000018
34077,0303000019
34087,0303000020
34088,0303000021
34090,0303000022
34091,0303000023
34092,0303000024
34093,0303000025
34094,0303000026
34095,0303000027
34096,0303000028
34097,0303000029
34098,0303000030
34099,0303000031
34100,0303000032
34101,0303000033
34102,0303000034
34103,0303000035
34104,0303000036
34105,0303000037
34106,0303000038
34107,0303000039
34108,0303000040
34109,0303000041
34111,0203000036
34113,0303000044
34114,0303000045
34115,0303000046
34131,0303000048
34138,0303000049
34150,0303000050
34278,0303000074
34353,0204000010
34354,0204000011
34426,0305000014
34427,0305000015
34428,0305000016
34429,0305000017
34430,0305000018
34431,0805000005
34432,0501000012
34434,0501000013
34435,0802000059
34436,0802000060
34437,0802000062
34438,0802000064
34439,0802000065
34440,0802000066
34441,0802000067
34442,0802000068
34443,0802000069
34444,0802000070
34445,0802000072
34446,0802000074
34447,0802000075
34448,0802000078
34449,0802000079
34450,0802000080
34451,0802000081
34452,0802000082
34453,0802000083
34454,0802000084
34457,0802000088
34458,0802000089
34459,0802000090
34554,0114000022
34555,0114000023
34556,0114000024
34557,0114000025
34558,0114000026
34559,0114000027
34560,0114000028
34561,0114000029
34562,0114000030
34563,0114000031
34564,0114000032
34565,0114000033
34566,0114000034
34567,0114000035
34568,0114000036
34569,0114000037
34570,0114000038
34571,0114000039
34572,0114000040
34573,0114000041
34574,0114000042
34575,0114000043
34576,0114000044
34577,0114000045
34578,0114000046
34579,0114000047
34580,0114000048
34581,0114000049
34582,0114000050
34583,0114000051
34584,0114000052
34585,0114000053
34586,0114000054
34587,0114000055
34588,0114000056
34589,0114000057
34590,0114000058
34591,0114000059
34592,0114000060
34593,0114000061
34594,0114000062
34595,0114000063
34596,0114000064
34597,0114000065
34598,0114000066
34599,0114000067
34600,0114000068
34601,0114000069
34602,0114000070
34603,0203000148
34608,0502000005
34609,0501000015
34648,0202000238
34654,0108000032
34746,0108000115
34748,0108000123
34750,0108000196
34752,0501000017
34754,0501000019
34756,0501000021
34759,0501000022
34771,0201000195
34776,0201000197
34779,0201000198
34782,0201000199
34786,0120000414
34788,0120000416
34790,0111000007
34792,0111000009
34794,0111000010
34796,0111000012
34797,0703000011
34798,0203000314
34799,0203000315
34800,0203000316
34803,0202000462
34805,0203000317
34808,0203000318
34810,0910000003
34811,0203000319
34812,0910000005
34814,0910000006
34816,0202000464
34817,0910000007
34819,0910000008
34821,0910000009
34822,0910000010
34823,0910000013
34831,0910000014
34833,0910000017
34835,0910000019
34837,0203000320
34839,0203000321
34842,0202000465
34844,0202000466
34849,0203000322
34851,0202000467
34852,0203000323
34854,0203000324
34855,0202000468
34904,0203000152
34907,0203000153
34925,0202000469
34927,0202000470
34937,0114000083
34940,0114000084
34963,0203000326
34968,0203000327
34971,0203000328
34974,0114000101
34975,0203000329
34977,0203000330
34980,0202000473
34982,0202000474
34984,0203000331
34990,0203000332
34993,0107000028
34998,0114000115
35001,0114000118
35003,0107000030
35005,0104000349
35008,0104000350
35009,0104000353
35010,0114000123
35011,0104000354
35012,0106000073
35013,0114000124
35014,0107000032
35016,0107000035
35017,0114000126
35018,0107000036
35020,0107000037
35022,0107000038
35024,0107000039
35026,0107000040
35028,0107000041
35030,0107000043
35032,0107000044
35033,0107000045
35034,0114000135
35035,0110000042
35038,0110000043
35039,0110000046
35040,0110000047
35041,0109000050
35042,0905000119
35043,0905000120
35044,0905000121
35046,0902000292
35048,0902000294
35050,0114000481
35052,0114000482
35054,0114000483
35066,0114000484
35069,0114000495
35071,0114000496
35073,0114000497
35076,0114000498
35078,0114000499
35081,0114000500
35083,0114000501
35086,0114000502
35088,0114000503
35090,0114000504
35091,0114000505
35092,0114000506
35093,0114000507
35094,0114000508
35095,0114000509
35098,0114000510
35100,0114000511
35102,0114000512
35105,0114000513
35107,0114000514
35109,0114000515
35112,0114000516
35114,0114000517
35117,0114000518
35119,0114000519
35121,0114000520
35124,0114000521
35126,0114000522
35129,0114000523
35140,0114000524
35141,0114000525
35142,0114000526
35143,0114000527
35144,0114000528
35145,0114000529
35148,0114000530
35150,0114000531
35153,0114000532
35155,0114000533
35158,0114000534
35160,0114000535
35163,0114000536
35165,0902000297
35167,0902000299
35170,0902000300
35174,0114000539
35176,0114000540
35178,0114000541
35180,0114000542
35182,0114000543
35184,0114000544
35186,0114000545
35188,0114000546
35190,0114000547
35192,0114000548
35194,0114000549
35196,0114000550
35198,0114000551
35201,0114000552
35203,0114000553
35205,0114000554
35207,0114000555
35209,0114000556
35211,0114000557
35213,0114000558
35215,0114000559
35217,0114000560
35219,0114000561
35221,0114000562
35223,0114000563
35224,0114000564
35226,0114000565
35229,0114000566
35230,0114000567
35232,0114000568
35234,0114000569
35236,0114000570
35238,0114000571
35240,0114000572
35242,0114000573
35244,0114000574
35246,0114000575
35248,0114000576
35250,0114000577
35252,0114000578
35254,0114000579
35256,0114000580
35258,0114000581
35272,0114000582
35273,0114000583
35275,0114000584
35277,0114000585
35279,0114000586
35280,0114000273
35281,0114000587
35283,0114000588
35293,0114000594
35295,0114000595
35297,0114000596
35299,0114000597
35301,0114000598
35303,0114000599
35305,0114000600
35306,0114000286
35307,0114000601
35308,0114000602
35310,0114000603
35311,0114000604
35312,0114000605
35313,0114000606
35314,0114000607
35315,0114000608
35316,0114000609
35317,0114000610
35319,0114000611
35321,0114000612
35330,0120000434
35332,0120000435
35334,0120000436
35348,0114000613
35350,0114000614
35352,0114000615
35354,0114000616
35356,0902000301
35358,0902000304
35360,0902000307
35363,0902000310
35365,0902000313
35367,0902000316
35369,0902000319
35370,0902000322
35371,0902000324
35372,0902000326
35374,0114000626
35376,0114000627
35379,0114000628
35381,0114000629
35384,0114000638
35386,0114000639
35397,0114000640
35399,0114000641
35402,0114000642
35423,0114000654
35424,0114000655
35425,0114000656
35426,0114000657
35427,0114000658
35428,0114000659
35431,0114000350
35432,0114000664
35434,0114000665
35437,0114000666
35439,0114000672
35440,0114000355
35441,0114000673
35444,0114000674
35446,0114000675
35448,0114000676
35450,0114000677
35452,0114000362
35454,0114000364
35458,0114000678
35459,0114000679
35461,0114000680
35464,0114000681
35466,0114000682
35468,0114000683
35470,0114000684
35472,0114000685
35474,0114000686
35476,0114000687
35477,0114000382
35478,0114000688
35480,0114000689
35482,0114000690
35483,0114000691
35484,0114000692
35485,0114000693
35486,0114000694
35487,0114000695
35488,0114000696
35489,0114000697
35490,0114000698
35491,0114000385
35492,0114000699
35494,0114000700
35496,0114000701
35498,0114000702
35500,0114000703
35502,0114000704
35510,0114000395
35511,0114000396
35513,0114000398
35522,0202000475
35539,0106000076
35540,0106000080
35542,0106000087
35543,0106000096
35544,0106000102
35548,0204000426
35550,0204000427
35552,0204000428
35555,0204000429
35557,0204000430
35559,0204000431
35562,0204000432
35564,0204000433
35566,0204000434
35569,0204000435
35571,0204000436
35573,0204000437
35588,0204000438
35590,0204000439
35592,0204000440
35593,0204000441
35594,0204000442
35595,0204000443
35596,0204000444
35598,0204000445
35601,0204000446
35603,0204000447
35606,0204000448
35609,0204000449
35613,0204000451
35616,0204000452
35617,0114000458
35618,0204000453
35619,0114000459
35621,0204000454
35624,0204000455
35627,0204000456
35629,0204000457
35632,0204000458
35633,0114000468
35640,0114000471
35647,0114000474
35664,0201000218
35666,0201000219
35681,0305000030
35684,0305000031
35685,0110000049
35686,0305000032
35687,0110000050
35688,0305000033
35689,0110000052
35690,0305000034
35691,0501000031
35692,0305000035
35695,0305000036
35697,0305000037
35698,0116000225
35699,0116000226
35700,0106000008
35701,0116000227
35702,0106000009
35704,0106000010
35705,0106000013
35706,0106000014
35707,0106000016
35708,0106000017
35710,0116000229
35711,0116000230
35712,0116000231
35713,0116000232
35714,0116000233
35715,0116000234
35716,0116000235
35718,0116000236
35720,0116000237
35726,0106000060
35732,0501000033
35734,0501000034
35787,0120000439
35790,0120000440
35792,0120000441
35794,0120000442
35796,0120000443
35798,0120000302
35799,0120000444
35800,0120000304
35801,0120000445
35802,0120000446
35804,0120000447
35805,0501000024
35806,0120000448
35809,0120000449
35811,0120000450
35828,0602000018
35829,0602000021
35831,0113000010
35901,0120000454
35930,0110000054
35948,0115000056
35968,0115000154
35970,0202000478
36023,0202000482
36037,0501000036
36067,0502000008
36069,0502000009
36071,0203000288
36091,0501000038
36093,0501000039
36095,0501000042
36096,0501000044
36097,0501000046
36310,0203000291
36402,0904000116
36403,0904000117
36405,0904000118
36407,0904000119
36409,0904000120
36412,0904000121
36414,0904000122
36451,0112000005
36455,0114000475
36820,0109000038
36957,0203000292
36963,0203000293
36964,0202000297
36998,0202000312
37000,0202000313
37003,0202000314
37040,0204000462
37043,0204000463
37044,0202000329
37045,0204000464
37075,0804000002
37077,0804000005
37079,0804000006
37081,0804000009
37111,0105000019
37113,0305000092
37115,0305000093
37117,0305000094
37119,0305000095
37121,0105000020
37234,0204000031
37275,0204000044
37276,0204000045
37292,0204000060
37296,0204000063
37303,0204000067
37305,0204000068
37307,0204000069
37310,0204000070
37314,0204000072
37322,0204000076
37325,0204000077
37331,0204000079
37333,0204000080
37339,0204000082
37342,0204000083
37346,0204000084
37349,0204000085
37357,0204000090
37360,0204000091
37367,0204000095
37376,0204000098
37379,0204000099
37381,0204000101
37385,0204000105
37391,0204000107
37394,0204000108
37413,0204000119
37416,0204000120
37425,0204000125
37429,0204000127
37435,0204000134
37439,0204000137
37442,0204000138
37449,0204000141
37454,0204000143
37457,0204000144
37460,0204000145
37465,0204000147
37476,0204000151
37484,0204000155
37490,0204000158
37494,0204000160
37501,0204000163
37508,0204000167
37513,0204000169
37516,0204000170
37518,0204000171
37523,0204000173
37528,0204000175
37531,0204000176
37536,0204000178
37538,0204000180
37541,0204000183
37556,0204000185
37561,0204000187
37567,0204000189
37570,0204000190
37575,0204000192
37580,0204000194
37582,0204000195
37587,0204000197
37591,0204000199
37594,0204000200
37599,0204000202
37604,0204000204
37608,0204000206
37610,0204000208
37612,0204000210
37614,0204000211
37629,0204000214
37632,0204000215
37634,0204000216
37637,0204000217
37640,0204000218
37642,0204000219
37645,0204000220
37647,0204000221
37650,0204000222
37653,0204000223
37655,0204000224
37658,0204000225
37660,0204000226
37663,0204000227
37706,0204000235
37710,0204000237
37715,0204000239
37719,0204000241
37722,0204000242
37725,0204000243
37727,0204000244
37728,0117000422
37730,0204000245
37732,0204000246
37734,0204000247
37737,0204000248
37741,0204000250
37742,0117000430
37745,0204000252
37746,0204000253
37747,0204000254
37750,0204000256
37756,0204000258
37760,0204000259
37771,0117000436
37777,0204000263
37779,0204000264
37784,0204000266
37787,0204000267
37791,0204000269
37794,0204000278
37797,0204000287
37816,0117000533
37834,0117000535
37866,0117000556
38026,0204000402
38032,0204000405
38034,0204000406
38037,0204000407
38049,0204000413
38051,0204000414
38053,0204000415
38055,0204000416
38058,0204000417
38060,0204000418
38062,0204000419
38064,0204000420
38067,0204000421
38068,0204000422
38069,0105000024
38070,0105000026
38071,0105000027
38076,0805000007
38079,0805000009
38081,0805000010
38083,0805000011
38085,0805000012
38087,0805000013
38089,0805000014
38091,0805000015
38093,0805000016
38096,0805000017
38098,0805000018
38100,0805000019
38103,0805000020
38105,0805000021
38107,0805000022
38111,0805000025
38115,0202000343
38119,0202000345
38124,0202000347
38131,0202000349
38138,0202000350
38141,0202000351
38149,0202000352
38158,0202000353
38170,0203000295
38175,0202000355
38177,0202000356
38182,0202000358
38187,0202000360
38188,0202000361
38189,0202000362
38190,0202000363
38191,0202000364
38214,0202000368
38221,0202000516
38222,0203000297
38223,0203000298
38224,0202000517
38226,0202000518
38228,0202000519
38230,0202000520
38231,0203000301
38232,0202000521
38235,0202000522
38237,0305000096
38238,0202000523
38239,0305000097
38240,0203000303
38241,0202000524
38242,0203000304
38243,0202000525
38245,0202000526
38248,0202000527
38250,0202000528
38253,0202000374
38254,0202000529
38255,0202000375
38256,0202000530
38257,0203000306
38258,0202000531
38260,0202000532
38261,0202000377
38262,0202000533
38269,0202000378
38270,0202000543
38272,0202000544
38273,0202000380
38274,0202000545
38275,0202000381
38276,0202000546
38277,0202000382
38278,0202000547
38282,0202000384
38315,0202000550
38317,0202000551
38319,0202000552
38322,0202000553
38324,0202000554
38327,0202000555
38329,0202000556
38332,0202000557
38334,0202000558
38337,0202000559
38339,0202000560
38511,0910000020
38513,0910000021
38515,0910000022
38518,0202000387
38519,0910000024
38521,0910000027
38522,0202000389
38523,0910000030
38525,0910000033
38527,0910000034
38529,0910000035
38537,0202000390
38540,0202000391
38547,0501000048
38549,0202000392
38550,0501000049
38564,0202000395
38571,0202000399
38584,0202000402
38591,0202000405
38594,0202000406
38608,0205000754
38613,0501000051
38618,0120000478
38619,0120000479
38621,0202000410
38629,0120000480
38631,0120000481
38633,0120000482
38636,0120000483
38637,0120000484
38638,0202000413
38639,0120000485
38640,0202000414
38642,0120000486
38659,0104000116
38661,0104000117
38663,0104000118
38665,0104000119
38667,0104000124
38669,0104000125
38672,0104000126
38674,0104000127
38676,0104000128
38678,0104000129
38683,0104000130
38684,0104000131
38685,0104000132
38686,0104000133
38688,0104000134
38690,0104000135
38692,0104000136
38694,0104000149
38697,0104000150
38699,0104000151
38701,0104000152
38703,0104000153
38705,0104000154
38707,0104000155
38709,0104000156
38711,0104000157
38713,0104000158
38714,0104000159
38716,0104000160
38718,0104000161
38720,0104000162
38722,0104000163
38724,0104000164
38726,0104000165
38728,0104000166
38730,0104000167
38732,0104000168
38738,0104000173
38743,0104000174
38744,0104000176
38746,0104000189
38751,0104000218
38753,0104000219
38755,0104000220
38757,0104000221
38759,0104000222
38761,0104000223
38763,0104000224
38765,0104000225
38767,0104000226
38769,0104000227
38771,0104000228
38773,0104000229
38775,0104000230
38777,0104000231
38779,0104000232
38781,0104000233
38784,0104000234
38786,0104000236
38788,0104000237
38790,0104000238
38792,0104000239
38794,0104000240
38796,0104000241
38798,0104000242
38804,0104000244
38805,0104000245
38806,0104000246
38811,0104000248
38813,0104000249
38815,0104000250
38817,0104000251
38820,0104000252
38822,0104000253
38824,0104000254
38827,0104000255
38829,0101000036
38832,0203000313
38836,0109000045
38837,0205001521
38838,0109000047
38839,0305000101
38843,0201000306
38844,0205001524
38846,0205001525
38848,0201000308
38849,0901000420
38874,0201000317
38876,0201000318
38879,0201000319
38882,0201000320
38885,0201000321
38889,0201000322
38893,0201000323
38895,0201000324
38898,0201000325
38920,0201000333
38921,0201000334
38933,0201000336
38936,0201000337
38938,0201000338
38941,0201000339
38943,0201000340
38945,0201000341
38948,0201000342
38951,0201000343
38961,0201000347
38964,0305000102
38966,0201000348
38970,0305000104
38979,0201000353
38980,0201000354
38985,0201000356
38995,0201000358
38998,0201000359
39003,0201000361
39010,0201000364
39020,0201000368
39022,0201000369
39025,0201000370
39037,0201000379
39052,0201000387
39053,0204000494
39055,0204000495
39056,0201000389
39057,0204000496
39059,0204000497
39060,0201000390
39061,0204000498
39064,0204000499
39071,0201000392
39085,0204000512
39088,0204000513
39092,0204000515
39095,0204000516
39101,0201000395
39102,0201000396
39111,0201000398
39121,0201000401
39124,0201000402
39130,0201000404
39133,0201000405
39136,0201000406
39144,0201000409
39147,0201000410
39150,0201000411
39153,0201000412
39155,0201000413
39159,0201000414
39160,0201000415
39175,0201000418
39178,0201000419
39180,0201000420
39183,0201000421
39185,0201000422
39188,0201000423
39191,0201000424
39193,0201000425
39216,0201000432
39228,0207000010
39234,0112000008
39236,0112000009
39239,0112000010
39241,0110000036
39243,0110000038
39245,0110000039
39247,0112000011
39249,0112000012
39251,0112000013
39257,0110000041
39259,0109000049
39269,0119000011
39273,0204000423
39275,0204000424
39276,0204000425
39471,0910000037
39472,0910000040
39475,0107000027
39477,0120000362
39480,0120000363
39482,0501000028
39483,0910000043
39484,0120000364
39491,0910000047
39495,0910000049
39503,0910000053
39505,0804000016
39532,0120000525
39533,0901000421
39534,0901000422
39537,0501000053
39538,0904000165
39539,0904000166
39541,0904000167
39543,0904000168
39545,0904000169
39547,0904000170
39549,0904000171
39551,0904000172
39553,0904000173
39555,0904000174
39557,0904000175
39620,0601000017
39623,0601000018
39661,0910000055
39663,0910000058
39664,0910000060
39665,0910000063
39666,0910000065
39759,0910000067
39761,0910000079
39763,0910000083
39793,0904000123
39795,0904000124
39797,0904000125
39799,0904000126
39800,0904000127
39820,0120000366
39822,0120000367
39824,0120000368
39836,0202000430
39838,0202000431
39844,0202000434
39856,0202000438
39859,0202000439
39860,0202000440
39861,0202000441
39862,0202000442
39863,0202000443
39864,0202000444
39868,0501000029
39870,0305000109
39872,0305000110
39874,0305000111
39876,0305000112
39878,0119000012
39881,0119000013
39883,0119000014
39884,0115000010
39896,0202000445
39899,0202000446
39901,0202000447
39912,0202000450
39917,0202000452
39918,0202000453
39919,0202000454
39920,0202000455
39921,0202000456
39924,0202000457
39926,0202000458
39928,0202000459
39935,0105000029
39937,0105000030
39939,0105000031
39945,0120000369
40010,0120000370
40013,0120000371
40015,0120000372
40017,0120000373
40020,0120000374
40022,0120000375
40024,0120000376
40026,0120000377
40033,0120000378
40035,0120000395
40037,0120000396
40039,0120000397
40040,0120000398
40041,0120000399
40043,0120000400
40045,0120000401
40047,0120000402
40049,0120000403
40051,0120000404
40053,0120000405
40055,0120000406
40057,0120000407
40059,0120000408
40061,0120000409
40063,0120000410
40065,0120000411
40067,0120000412
40069,0120000413
40071,0104000326
40072,0104000327
40074,0104000329
40076,0104000330
40078,0104000333
40080,0104000335
40083,0104000338
40085,0104000343
40087,0104000345
40096,0202000460
40097,0111000003
40098,0111000004
40867,0207000911
41051,0205001850
41052,0205001851
41053,0205001852
41054,0205001853
41062,0101000039
41064,0102000160
41066,0102000164
41067,0102000166
41068,0102000167
41069,0103000019
41112,0104000399
41113,0104000400
41122,0104000410
41134,0106000119
41151,0108000384
41152,0108000385
41153,0108000386
41154,0108000387
41155,0108000388
41156,0108000389
41157,0108000390
41158,0108000391
41159,0108000392
41160,0108000393
41161,0108000394
41162,0108000395
41163,0108000396
41164,0108000397
41165,0108000398
41166,0108000399
41178,0108000411
41188,0108000421
41189,0108000422
41190,0108000423
41191,0108000424
41192,0108000425
41197,0111000024
41198,0112000014
41199,0114000709
41200,0114000710
41201,0114000711
41202,0114000712
41203,0114000713
41204,0114000714
41205,0114000715
41206,0114000716
41207,0114000717
41211,0114000721
41212,0114000722
41219,0114000729
41221,0114000731
41222,0114000732
41223,0114000733
41224,0114000734
41225,0114000735
41226,0114000736
41227,0114000737
41228,0114000738
41229,0114000739
41230,0114000740
41231,0114000741
41232,0114000742
41233,0114000743
41234,0114000744
41235,0114000745
41236,0114000746
41237,0114000747
41238,0114000748
41239,0114000749
41240,0114000750
41241,0114000751
41242,0114000752
41243,0114000753
41244,0114000754
41245,0114000755
41248,0114000758
41250,0115000198
41345,0118000040
41346,0118000041
41347,0118000042
41348,0118000043
41349,0118000044
41353,0119000016
41358,0120000531
41359,0120000532
41380,0120000553
41381,0120000554
41382,0120000555
41383,0120000556
41384,0120000557
41388,0120000561
41390,0120000563
41392,0120000565
41393,0120000566
41395,0120000568
41401,0201000884
41402,0201000885
41408,0201000892
41428,0201000912
41429,0201000913
41430,0201000914
41431,0201000915
41432,0201000916
41433,0201000917
41612,0201001073
41613,0201001074
41614,0201001075
41615,0201001076
41616,0201001077
41617,0201001078
41618,0201001079
41619,0201001080
41620,0201001081
41621,0201001082
41637,0201001098
41638,0201001099
41639,0201001100
41645,0201001106
41647,0201001108
41648,0201001109
41649,0202000710
41650,0202000711
41651,0202000712
41652,0202000713
41653,0202000714
41654,0202000715
41655,0202000716
41656,0202000717
41657,0202000718
41658,0202000719
41659,0202000720
41660,0202000721
41661,0202000722
41662,0202000723
41663,0202000724
41664,0202000725
41665,0202000726
41667,0202000728
41668,0202000729
41669,0202000730
41670,0202000731
41671,0202000732
41672,0202000733
41674,0202000735
41675,0202000736
41676,0202000737
41721,0202000781
41729,0202000789
41733,0202000793
41734,0202000794
41735,0202000795
41736,0202000796
41737,0202000797
41738,0202000798
41739,0202000799
41740,0202000800
41741,0202000801
41761,0202000821
41762,0202000822
41763,0203000458
41765,0203000460
41766,0203000461
41767,0203000462
41772,0203000468
41773,0203000469
41775,0203000471
41776,0203000472
41782,0203000478
41785,0203000481
41786,0203000482
41787,0203000483
41788,0203000484
41833,0203000532
41834,0203000533
41835,0203000534
41836,0203000535
41837,0203000536
41838,0203000537
41839,0203000538
41844,0203000543
41845,0203000544
41846,0203000545
41847,0203000546
41848,0203000547
41849,0203000548
41850,0203000549
41861,0203000562
41862,0203000563
41869,0203000570
41876,0203000577
41878,0203000579
41879,0203000580
41880,0203000581
41881,0203000582
41882,0203000583
41884,0204000518
41885,0204000544
41886,0204000545
41887,0204000546
41910,0204000569
41911,0204000570
41912,0204000571
41913,0204000572
41914,0204000573
41915,0204000574
41916,0204000575
41917,0204000576
41918,0204000577
41919,0204000578
41920,0204000579
41921,0204000580
41922,0204000581
41923,0204000582
41924,0204000583
41925,0204000584
41926,0204000585
41927,0204000586
41928,0204000587
41930,0204000589
41931,0204000590
41932,0204000591
41933,0204000592
41934,0204000593
41935,0204000594
41936,0204000595
41937,0204000596
41938,0204000597
41939,0204000598
41940,0204000599
41941,0204000600
41943,0204000602
41970,0204000629
41974,0204000633
41975,0204000634
41976,0204000635
41977,0204000636
41978,0204000637
41979,0204000638
42021,0204000680
42022,0204000681
42023,0204000682
42024,0204000683
42025,0204000684
42030,0205001854
42031,0205001855
42032,0205001856
42033,0205001857
42034,0205001858
42035,0205001859
42037,0205001861
42038,0205001862
42136,0305000177
42137,0305000178
42142,0305000183
42152,0305000193
42153,0305000194
42154,0305000195
42243,0802000194
42257,0802000204
42268,0803000026
42269,0803000027
42270,0803000029
42271,0803000030
42272,0803000033
42273,0803000035
42274,0803000037
42275,0803000039
42295,0805000056
42296,0805000058
42331,0901000448
42332,0901000449
42333,0901000450
42334,0901000451
42335,0901000452
42336,0901000453
42337,0901000454
42338,0901000455
42339,0901000456
42340,0901000457
42341,0901000458
42342,0901000459
42343,0901000460
42344,0901000461
42345,0901000462
42346,0901000463
42347,0901000464
42348,0901000465
42364,0902000350
42366,0902000352
42367,0902000353
42404,0902000396
42407,0902000399
42408,0902000400
42409,0902000401
42410,0902000402
42411,0902000403
42412,0902000404
42414,0902000406
42415,0902000407
42429,0902000424
42430,0902000425
42431,0902000426
42432,0902000427
42433,0902000429
42729,0904000180
42730,0904000181
42731,0904000182
42732,0904000183
42734,0904000184
42735,0904000185
42736,0904000186
42737,0904000187
42738,0904000188
42739,0904000189
42740,0904000190
42741,0904000191
42742,0904000192
42743,0904000193
42744,0904000194
42745,0904000195
42746,0904000196
42747,0904000197
42748,0904000198
42749,0904000199
42750,0904000200
42751,0904000201
42752,0904000202
42753,0904000203
42754,0904000204
42755,0904000205
42756,0904000206
42757,0904000207
42758,0904000208
42759,0904000209
42760,0904000210
42761,0904000211
42762,0904000212
42763,0904000213
42764,0904000214
42765,0904000215
42766,0904000216
42806,0910000278
42809,0910000281
42811,0102000168
42812,0102000170
42818,0104000428
42819,0109000076
42872,0502000031
42880,0802000228
42881,0802000229
42882,0802000230
42893,0802000244
42894,0102000172
42895,0104000422
42903,0201001133
42906,0119000023
42909,0118000048
42911,0119000017
42939,0109000064
42940,0109000067
42941,0109000070
42942,0109000073
42943,0109000075
42946,0110000066
42948,0112000015
42949,0114000760
42950,0114000761
42951,0114000762
42953,0114000764
42958,0114000759
42963,0102000177
42964,0102000178
43000,0104000430
43001,0104000432
43002,0104000433
43003,0104000434
43004,0104000435
43005,0104000436
43006,0104000437
43007,0104000438
43009,0109000084
43010,0109000086
43011,0108000434
43012,0108000435
43013,0112000016
43014,0114000769
43030,0204000688
43031,0204000689
43050,0204000708
43051,0204000709
43052,0204000710
43053,0204000714
43090,0302000042
43125,0802000207
43126,0802000208
43132,0802000215
43134,0805000071
43135,0802000219
43136,0802000221
43137,0802000223
43138,0802000224
43139,0802000227
43142,0804000029
43144,0804000031
43178,0902000531
43180,0902000532
43182,0902000533
43184,0902000534
43187,0902000535
43189,0902000536
43191,0902000537
43192,0902000438
43193,0902000538
43194,0902000539
43197,0902000540
43199,0902000541
43201,0902000542
43203,0902000543
43218,0902000387
43251,0904000238
43254,0904000239
43256,0904000240
43259,0904000241
43262,0904000242
43265,0904000243
43335,0910000363
43338,0910000364
43341,0910000284
43342,0910000286
43373,0910000298
43374,0910000365
43375,0910000300
43376,0910000366
43377,0910000367
43378,0910000302
43379,0910000368
43380,0910000306
43381,0910000307
43382,0910000369
43384,0910000370
43386,0910000371
43387,0910000310
43388,0910000372
43389,0910000311
43390,0910000373
43392,0910000374
43395,0910000375
43397,0910000376
43399,0910000377
43401,0910000378
43403,0910000379
43405,0910000380
43411,0910000383
43413,0910000384
43415,0910000385
43417,0910000386
43420,0910000387
43422,0910000388
43424,0910000389
43427,0910000390
43429,0910000391
43430,0910000392
43431,0910000393
43432,0910000394
43471,0910000395
43473,0910000396
43475,0910000397
43477,0910000398
43479,0910000399
43481,0910000400
43482,0201001136
43483,0910000401
43485,0910000402
43487,0910000403
43488,0104000480
43489,0910000404
43490,0105000049
43491,0910000405
43492,0910000406
43494,0108000436
43495,0910000407
43496,0108000437
43498,0108000438
43499,0109000113
43504,0109000118
43505,0109000119
43506,0109000120
43507,0108000439
43508,0109000121
43509,0108000440
43510,0109000122
43511,0108000441
43512,0109000123
43513,0108000442
43515,0108000443
43517,0108000444
43519,0108000445
43521,0108000446
43522,0104000509
43523,0108000447
43524,0108000448
43525,0108000449
43526,0108000450
43527,0108000451
43528,0108000452
43529,0108000453
43530,0109000089
43531,0109000090
43541,0110000074
43543,0110000075
43546,0110000076
43549,0110000077
43551,0110000078
43559,0114000785
43561,0114000786
43572,0114000787
43575,0114000788
43577,0114000789
43578,0104000510
43579,0104000511
43580,0114000790
43581,0104000512
43582,0114000791
43583,0114000792
43584,0103000025
43585,0114000793
43586,0103000026
43587,0114000794
43588,0104000513
43589,0114000795
43591,0104000515
43592,0104000518
43595,0104000519
43596,0104000520
43597,0118000054
43598,0104000521
43600,0104000522
43601,0120000595
43602,0104000523
43604,0104000524
43607,0104000525
43608,0104000526
43610,0104000527
43612,0104000528
43614,0104000529
43616,0104000530
43618,0104000531
43620,0104000532
43622,0104000533
43624,0104000534
43626,0104000535
43628,0104000536
43630,0104000537
43632,0104000538
43633,0104000539
43634,0104000540
43635,0201001165
43636,0201001166
43638,0201001167
43641,0201001168
43644,0201001169
43647,0201001170
43648,0104000541
43650,0201001171
43653,0104000542
43655,0104000543
43656,0201001174
43657,0104000544
43658,0207001049
43660,0207001050
43661,0202000891
43662,0207001051
43663,0202000892
43664,0202000893
43665,0207001052
43666,0202000894
43667,0108000605
43668,0202000895
43669,0108000606
43670,0202000896
43671,0108000607
43672,0108000608
43673,0202000897
43674,0108000609
43676,0108000610
43677,0202000899
43678,0108000611
43680,0108000612
43682,0108000613
43684,0108000614
43685,0202000903
43686,0108000615
43688,0108000616
43690,0108000617
43692,0108000618
43694,0108000619
43696,0108000620
43698,0108000621
43699,0108000622
43700,0108000623
43701,0108000624
43706,0108000625
43708,0108000626
43710,0108000627
43712,0108000628
43714,0108000629
43716,0108000630
43717,0108000631
43719,0108000632
43722,0108000633
43724,0108000634
43726,0108000635
43727,0108000636
43729,0108000637
43731,0108000638
43733,0108000639
43735,0108000640
43737,0108000641
43739,0108000642
43741,0108000643
43743,0108000644
43745,0108000645
43747,0108000646
43749,0108000647
43751,0108000648
43753,0108000649
43755,0108000650
43757,0108000651
43759,0108000652
43760,0108000653
43761,0108000654
43766,0108000655
43768,0114000850
43774,0202000947
43777,0202000948
43780,0114000856
43782,0114000857
43784,0114000858
43786,0114000859
43788,0114000860
43789,0114000861
43791,0114000862
43792,0202000955
43793,0114000863
43794,0114000864
43796,0114000865
43797,0202000957
43798,0114000866
43799,0202000958
43800,0114000867
43814,0204000753
43829,0114000874
43831,0114000875
43875,0114000897
43877,0114000898
43882,0114000899
43883,0114000900
43884,0114000901
43885,0114000902
43887,0114000903
43890,0114000904
43898,0114000908
43900,0114000909
43904,0114000911
43906,0114000912
43908,0114000913
43910,0114000914
43912,0114000915
43914,0114000916
43916,0114000917
43918,0114000918
43920,0114000919
43922,0114000920
43924,0114000921
43926,0114000922
43928,0114000923
43930,0114000924
43932,0114000925
43933,0204000815
43934,0114000926
43935,0204000816
43936,0114000927
43937,0204000817
43938,0114000928
43939,0204000818
43940,0204000819
43941,0204000820
43948,0204000821
43950,0114000929
43951,0204000822
43952,0114000930
43953,0204000823
43954,0204000824
43955,0114000931
43956,0204000825
43957,0114000932
43959,0204000826
43961,0204000827
43964,0204000828
43967,0204000829
43970,0106000174
43971,0106000175
43973,0106000176
43975,0106000177
43977,0118000073
43980,0106000178
43982,0106000179
43984,0106000180
43986,0106000181
43987,0118000074
43989,0109000126
43991,0109000127
43993,0120000652
43995,0120000653
43997,0120000654
43999,0120000655
44001,0120000656
44033,0120000657
44035,0120000658
44038,0120000659
44040,0120000660
44043,0120000661
44045,0120000662
44048,0120000663
44050,0120000664
44053,0120000665
44055,0120000666
44058,0120000667
44060,0120000668
44063,0120000669
44066,0120000670
44068,0120000671
44071,0120000672
44073,0120000673
44074,0120000674
44075,0120000675
44076,0120000676
44077,0120000677
44079,0120000678
44081,0120000679
44084,0120000680
44087,0120000681
44089,0120000682
44092,0120000683
44094,0120000684
44102,0120000685
44105,0120000686
44108,0120000687
44111,0120000688
44114,0120000689
44116,0120000690
44118,0601000020
44119,0120000691
44120,0120000692
44121,0602000036
44122,0602000038
44123,0120000693
44124,0120000694
44125,0120000695
44126,0120000696
44127,0602000040
44128,0120000697
44129,0602000042
44130,0120000698
44131,0602000044
44133,0120000699
44135,0120000700
44138,0120000701
44140,0120000702
44142,0120000703
44144,0120000704
44146,0120000705
44149,0120000706
44152,0120000707
44155,0120000708
44159,0120000710
44162,0805000079
44164,0805000080
44166,0805000081
44168,0805000082
44169,0902000455
44170,0902000458
44197,0910000329
44200,0910000330
44224,0120000720
44234,0120000725
44252,0120000734
44254,0120000735
44259,0120000740
44261,0120000741
44265,0120000743
44316,0120000745
44318,0120000746
44320,0120000747
44322,0120000748
44324,0120000749
44326,0120000750
44328,0120000751
44330,0120000752
44331,0120000753
44332,0120000754
44333,0120000755
44334,0120000756
44335,0120000757
44336,0120000758
44338,0120000759
44340,0120000760
44342,0120000761
44344,0120000762
44346,0120000763
44348,0120000764
44350,0120000765
44352,0120000766
44355,0120000767
44357,0120000768
44359,0120000769
44361,0120000770
44366,0120000772
44420,0120000775
44422,0120000776
44424,0120000777
44426,0120000778
44428,0120000779
44430,0120000780
44432,0120000781
44434,0120000782
44438,0120000784
44440,0120000785
44442,0120000786
44444,0120000787
44446,0120000788
44449,0120000789
44452,0120000790
44458,0802000277
44459,0802000278
44461,0802000280
44462,0805000098
44463,0805000099
44465,0804000043
44467,0804000044
44469,0804000045
44472,0804000046
44474,0804000047
44497,0804000048
44507,0115000294
44509,0802000281
44512,0802000282
44513,0802000283
44519,0120000795
44536,0120000797
44538,0120000798
44565,0114000796
44590,0104000487
44592,0104000488
44607,0101000042
44651,0104000580
44661,0602000056
44663,0602000057
44665,0602000058
44667,0602000059
44669,0602000060
44671,0602000061
44673,0602000062
44675,0601000023
44678,0602000063
44680,0502000034
44681,0115000296
44683,0115000297
44696,0106000126
44701,0108000462
44702,0108000463
44726,0108000477
44728,0108000478
44731,0108000479
44734,0108000480
44736,0108000481
44744,0109000087
44746,0109000088
44749,0109000095
44761,0114000775
44763,0114000776
44765,0114000777
44767,0114000778
44770,0114000779
44772,0114000780
44774,0114000781
44776,0114000782
44778,0114000783
44782,0114000797
44784,0114000798
44787,0114000799
44789,0114000800
44792,0203000679
44794,0114000801
44795,0114000802
44796,0114000803
44797,0114000804
44798,0114000805
44799,0114000806
44800,0114000807
44801,0114000808
44803,0114000809
44805,0114000810
44807,0114000811
44809,0114000812
44810,0114000813
44812,0114000814
44813,0202001062
44814,0114000815
44815,0201001315
44816,0114000816
44817,0114000817
44818,0204000998
44819,0114000818
44820,0204000999
44823,0114000820
44824,0202001064
44825,0114000821
44826,0114000822
44827,0202001065
44828,0114000823
44830,0114000824
44832,0114000825
44834,0114000826
44837,0118000051
44838,0118000052
44842,0201001316
44843,0201001317
44858,0120000804
44859,0120000805
44861,0120000806
44867,0201001150
44908,0106000182
44909,0201001218
44910,0101000049
44911,0201001219
44912,0106000183
44913,0204001000
44916,0910000408
44917,0910000409
44918,0910000410
44919,0910000411
44920,0201001220
44921,0910000412
44922,0201001221
44923,0910000413
44924,0201001222
44925,0910000415
44926,0201001223
44927,0910000416
44929,0910000417
44930,0910000418
44932,0910000419
44934,0910000420
44936,0910000421
44938,0910000422
44940,0910000423
44990,0910000424
44998,0202000862
45002,0202000864
45005,0202000865
45007,0202000866
45010,0202000867
45013,0202000868
45015,0202000869
45029,0803000061
45031,0803000062
45033,0803000063
45035,0803000064
45037,0803000065
45052,0803000066
45053,0202000974
45054,0803000067
45055,0803000068
45056,0202000975
45057,0803000069
45059,0803000070
45060,0111000032
45062,0804000049
45095,0203000604
45097,0203000607
45099,0203000608
45101,0203000609
45102,0203000610
45103,0203000611
45104,0203000612
45106,0203000613
45108,0203000614
45129,0203000634
45138,0203000635
45141,0203000636
45147,0203000639
45150,0203000640
45155,0204000727
45156,0204000728
45157,0204000729
45161,0204000730
45280,0204000874
45282,0204000875
45283,0204000876
45285,0204000877
45291,0204000879
45295,0204000880
45298,0204000881
45301,0204000882
45304,0204000883
45321,0204000889
45420,0108000658
45421,0303000297
45423,0108000659
45425,0108000660
45427,0108000662
45428,0108000663
45431,0108000664
45433,0118000075
45435,0118000076
45437,0118000077
45461,0201001319
45515,0501000056
45517,0501000057
45519,0501000058
45525,0501000059
45528,0501000060
45530,0501000061
45531,0502000032
45532,0502000033
45625,0805000083
45694,0201001426
45695,0908000039
45750,0115000211
45757,0602000051
45770,0201001247
45772,0201001248
45774,0201001249
45777,0201001250
45779,0201001251
45781,0201001252
45784,0201001253
45786,0202000993
45787,0202000994
45788,0201001254
45789,0201001255
45790,0201001256
45791,0204000910
45795,0207001006
45797,0207001007
45920,0114000831
45923,0120000623
45933,0114000827
45935,0114000828
46047,0114000830
46070,0110000088
46074,0108000661
46077,0105000053
46080,0105000054
46082,0105000055
46084,0105000056
46086,0108000497
46088,0108000499
46094,0108000507
46097,0904000247
46099,0904000248
46101,0904000249
46103,0904000250
46105,0904000251
46107,0904000252
46149,0115000213
46168,0910000354
46194,0904000253
46209,0203000661
46211,0203000662
46219,0804000051
46222,0112000017
46232,0112000018
46235,0112000019
46237,0112000020
46241,0904000270
46243,0904000271
46244,0902000485
46245,0904000272
46247,0904000273
46250,0107000049
46251,0107000050
46253,0118000078
46254,0107000051
46256,0118000079
46257,0106000185
46259,0106000186
46281,0106000187
46282,0106000188
46284,0106000189
46288,0201001672
46296,0204000940
46299,0204000941
46300,0203000692
46301,0204000942
46302,0203000693
46303,0204000943
46305,0204000944
46308,0204000945
46310,0204000946
46312,0204000947
46313,0202001091
46315,0204000948
46317,0204000949
46319,0204000950
46320,0118000080
46321,0118000081
46322,0204000952
46324,0204000953
46326,0204000954
46329,0204000955
46331,0204000956
46334,0204000957
46336,0204000958
46338,0204000959
46412,0114000940
46414,0114000941
46416,0118000082
46418,0118000083
46420,0117000834
46422,0117000835
46424,0117000836
46428,0117000838
46430,0117000839
46435,0204001025
46438,0202001099
46440,0202001100
46442,0202001101
46445,0202001102
46447,0202001103
46449,0202001104
46451,0202001105
46453,0202001106
46455,0202001107
46457,0204001026
46460,0204001027
46462,0204001028
46464,0204001029
46465,0204001030
46466,0204001031
46467,0204001032
46480,0204001033
46482,0204001034
46484,0204001035
46486,0114000843
46488,0114000842
46491,0120000636
46516,0102000280
46518,0102000281
46520,0102000282
46522,0204000970
46528,0114000942
46535,0602000052
46536,0602000054
46537,0602000055
46540,0111000025
46542,0111000026
46586,0204000971
46595,0204000973
46614,0114000943
46616,0114000944
46617,0114000945
46620,0114000946
46631,0910000356
46633,0910000357
46634,0910000358
46653,0102000283
46654,0102000284
46662,0114000845
46665,0114000846
46668,0114000847
46670,0114000848
46674,0104000306
46679,0114000844
46680,0104000492
46682,0104000493
46688,0105000050
46690,0105000051
46692,0105000052
46694,0105000059
46701,0204000982
46704,0204000983
46705,0106000128
46706,0106000184
46707,0204000984
46709,0204000985
46712,0204000986
46715,0204000987
46718,0204000988
46719,0109000040
46725,0110000067
46728,0110000093
46730,0110000095
46735,0112000024
46738,0112000026
46741,0112000027
46744,0113000016
46749,0114000947
46751,0114000948
46754,0114000949
46756,0114000950
46758,0114000951
46761,0114000952
46763,0114000953
46767,0115000210
46771,0116000244
46772,0120000637
46774,0120000638
46776,0120000639
46778,0204000989
46787,0115000220
46788,0115000221
46789,0115000222
46790,0115000223
46792,0115000224
46794,0115000225
46796,0115000226
46799,0115000228
46801,0115000230
46803,0115000231
46805,0117000713
46806,0117000714
46807,0117000715
46808,0117000716
46854,0115000232
46856,0115000233
46857,0115000234
46858,0115000236
46860,0115000237
46862,0115000238
46865,0115000239
46868,0115000240
46872,0204000990
46909,0106000148
46911,0106000145
46918,0119000025
46920,0120000569
46927,0120000591
46943,0120000606
46946,0120000614
46949,0120000618
46952,0120000619
46954,0120000620
46957,0120000621
46961,0120000640
46962,0111000029
46964,0111000030
46966,0111000031
46968,0101000044
46970,0102000221
46973,0102000222
46975,0102000223
46977,0102000224
46981,0120000828
46982,0102000226
46984,0102000227
46986,0102000228
46987,0102000229
46990,0102000230
46992,0102000231
46994,0102000232
46996,0102000233
46998,0102000234
47000,0102000235
47001,0102000236
47002,0102000237
47003,0102000238
47005,0102000239
47007,0102000240
47009,0102000241
47014,0106000150
47016,0106000151
47018,0106000152
47063,0106000153
47065,0106000154
47067,0106000155
47068,0106000156
47069,0106000157
47073,0118000057
47077,0118000059
47079,0118000060
47081,0118000061
47083,0106000160
47085,0118000066
47087,0118000062
47089,0118000063
47091,0118000064
47093,0118000065
47095,0102000242
47098,0106000161
47100,0106000162
47102,0106000163
47104,0106000164
47106,0118000067
47108,0118000068
47110,0118000069
47112,0118000070
47114,0113000017
47116,0113000018
47174,0102000250
47176,0102000251
47178,0102000252
47179,0102000253
47203,0108000511
47205,0108000512
47254,0108000519
47256,0108000520
47258,0108000521
47260,0108000522
47262,0108000523
47266,0108000526
47268,0108000527
47276,0108000531
47285,0102000260
47287,0102000261
47293,0102000264
47297,0102000266
47463,0101000047
47477,0108000551
47479,0108000552
47481,0108000553
47566,0108000572
47568,0108000573
47589,0108000586
47591,0108000587
47593,0108000588
47595,0108000589
47597,0108000590
47599,0108000591
47601,0108000592
47603,0108000593
47666,0118000071
47668,0118000072
47670,0113000019
47672,0115000251
47676,0102000271
47678,0102000272
47680,0102000273
47682,0102000274
47684,0102000275
47692,0104000503
47694,0104000504
47696,0104000505
47698,0104000506
47700,0104000507
47783,0910000360
47862,0902000506
47864,0902000507
47866,0902000508
47868,0902000509
47869,0902000510
47870,0902000511
47871,0902000512
47873,0902000513
47874,0902000514
47876,0902000515
47878,0902000516
47880,0902000517
47882,0902000518
47885,0902000519
47886,0902000520
47888,0902000521
47890,0902000522
47892,0902000523
47894,0902000524
47896,0902000525
47898,0902000526
47900,0902000527
47902,0902000528
47914,0902000529
47916,0902000530
48295,0402000031
48296,0402000032
48311,0402000047
48312,0402000048
48316,0402000052
48330,0402000065
48336,0402000071
48341,0402000076
48428,0802000254
48429,0802000256
48460,0802000295
48486,0802000312
48487,0802000313
48494,0802000320
48495,0802000321
48496,0802000322
48497,0802000323
48498,0802000324
48499,0802000325
48502,0803000049
48503,0803000051
48505,0803000059
48506,0803000060
48512,0804000050
48513,0804000052
48514,0804000053
48516,0804000055
48529,0805000103
48530,0805000104
48531,0805000105
48532,0805000106
48533,0805000107
48550,0901000481
48551,0901000482
48552,0901000483
48665,0904000246
48788,0802000333
48789,0802000334
48814,0802000345
48826,0117000864
48827,0117000865
48828,0117000866
48829,0117000867
48830,0117000868
48831,0117000869
48832,0117000870
48833,0117000871
48843,0109000133
48851,0106000085
48865,0904000295
48866,0120000831
48868,0118000086
48880,0104000592
48881,0802000366
48882,0802000367
48883,0802000368
48884,0802000369
48891,0108000668
48892,0108000669
48893,0108000670
48894,0108000671
48895,0108000672
48896,0108000673
48897,0108000674
48898,0108000675
48899,0108000676
48900,0108000677
48902,0108000678
48903,0108000679
48904,0108000680
48905,0108000681
48906,0108000682
48907,0108000683
48908,0108000684
48909,0108000685
48910,0108000686
48911,0108000687
48912,0108000688
48914,0108000690
48915,0108000691
48916,0108000692
48917,0108000693
48918,0108000694
48919,0108000695
48920,0108000696
48921,0108000697
48922,0108000698
48923,0108000699
48924,0108000700
48925,0108000701
48948,0910000452
48949,0910000453
48950,0910000454
48951,0910000455
48952,0910000456
48953,0910000457
48954,0910000458
48955,0910000459
48958,0113000020
48959,0113000021
48960,0904000296
48964,0110000102
48965,0110000087
48969,0501000003
48970,0501000006
48971,0501000009
48972,0501000011
48973,0501000014
48974,0501000016
48975,0501000018
48976,0501000020
48977,0501000023
48978,0501000025
48980,0501000027
48981,0501000030
48982,0501000032
48983,0501000035
48984,0501000037
48985,0501000040
48986,0501000041
48987,0501000043
48988,0501000045
48989,0501000047
48990,0501000050
48991,0501000052
48992,0501000054
48993,0501000055
48994,0501000062
48995,0501000063
48996,0501000064
48997,0501000065
48998,0501000066
48999,0501000067
49000,0501000068
49001,0501000069
49002,0501000070
49003,0501000071
49004,0501000072
49005,0501000073
49006,0502000003
49007,0502000004
49008,0502000006
49009,0502000010
49010,0502000012
49011,0502000015
49012,0502000017
49013,0502000020
49014,0502000023
49015,0502000025
49016,0502000028
49017,0502000030
49018,0502000035
49019,0502000036
49020,0502000037
49021,0502000038
49022,0601000002
49027,0601000019
49044,0804000039
49048,0120000833
49054,0204001137
49055,0204001138
49056,0204001139
49057,0204001140
49058,0204001141
49070,0117000889
49071,0117000890
49072,0117000891
49105,0101000035
49126,0102000115
49127,0102000118
49128,0102000119
49135,0102000156
49136,0102000159
49147,0104000120
49148,0104000121
49149,0104000122
49151,0104000177
49152,0104000235
49153,0104000259
49154,0104000270
49155,0104000271
49156,0104000298
49157,0104000299
49158,0104000314
49159,0104000320
49161,0104000328
49162,0104000331
49163,0104000334
49164,0104000336
49165,0104000340
49166,0104000342
49167,0104000346
49168,0104000352
49169,0104000401
49170,0104000431
49171,0104000453
49172,0104000454
49175,0104000486
49176,0104000489
49178,0104000494
49183,0104000588
49184,0104000589
49185,0104000590
49188,0105000010
49189,0105000012
49192,0105000021
49193,0105000023
49194,0105000025
49195,0105000028
49196,0105000032
49204,0105000066
49205,0105000067
49210,0106000059
49214,0106000077
49215,0106000081
49216,0106000084
49217,0106000086
49218,0106000088
49219,0106000089
49220,0106000091
49221,0106000092
49222,0106000093
49223,0106000097
49224,0106000098
49225,0106000101
49226,0106000103
49227,0106000105
49230,0106000194
49231,0106000195
49232,0106000196
49233,0106000197
49234,0106000198
49235,0106000199
49236,0106000200
49244,0107000024
49245,0107000026
49246,0107000029
49247,0107000031
49248,0107000033
49249,0107000034
49250,0107000042
49298,0109000046
49299,0109000048
49300,0109000054
49303,0109000065
49304,0109000068
49305,0109000071
49319,0110000035
49320,0110000037
49321,0110000040
49322,0110000044
49323,0110000045
49324,0110000048
49325,0110000051
49326,0110000053
49327,0110000055
49328,0110000056
49331,0110000065
49332,0110000080
49333,0110000081
49334,0110000082
49335,0110000083
49336,0110000084
49337,0110000086
49340,0110000091
49341,0110000092
49342,0110000094
49343,0110000096
49344,0110000097
49346,0110000099
49349,0111000002
49350,0111000008
49351,0111000011
49352,0111000014
49353,0111000017
49354,0111000020
49355,0111000027
49356,0111000028
49371,0117000888
49372,0118000027
49373,0118000036
49375,0118000039
49376,0118000056
49377,0118000085
49378,0119000015
49379,0119000018
49381,0119000024
49397,0111000034
49398,0111000035
49399,0111000036
49400,0111000037
49401,0115000302
49405,0105000073
49406,0105000074
49407,0107000069
49411,0602000086
49412,0602000087
49413,0602000088
49414,0602000097
49415,0602000098
49416,0802000378
49418,0602000089
49419,0602000090
49463,0602000093
49464,0602000094
49465,0107000073
49466,0107000074
49467,0107000075
49479,0802000376
49480,0802000377
49481,0102000294
49483,0107000076
49484,0802000379
49485,0802000380
49487,0601000026
49488,0601000027
49489,0602000099
49502,0602000101
49503,0602000102
49504,0107000077
49505,0601000028
49506,0601000029
49507,0602000103
49508,0602000104
49509,0602000105
49510,0602000106
49511,0804000057
49512,0402000078
49513,0802000381
49514,0802000382
49515,0108000704
49516,0108000705
49517,0108000706
49518,0115000303
49519,0108000707
49520,0115000304
49521,0106000201
49523,0112000028
49524,0112000029
49526,0107000078
49529,0805000124
49530,0805000125
49531,0805000126
49532,0107000080
49533,0112000030
49534,0202001226
49535,0202001227
49536,0202001228
49537,0202001229
49538,0202001230
49539,0115000305
49540,0115000306
49541,0115000307
49542,0115000308
49543,0115000309
49544,0115000310
49545,0115000311
49546,0115000312
49547,0115000313
49548,0115000314
49549,0115000315
49550,0115000316
49551,0115000317
49552,0115000318
49553,0115000319
49554,0115000320
49555,0115000321
49556,0115000322
49557,0115000323
49558,0115000324
49699,0207001303
49700,0207001304
49701,0207001305
49702,0207001306
49703,0207001307
49704,0207001308
49705,0207001309
49706,0207001310
49707,0207001311
49708,0207001312
49709,0207001313
49710,0207001314
49727,0106000202
49780,0107000081
49790,0107000082
49791,0120000835
49792,0120000836
49793,0120000837
49803,0904000297
49804,0105000076
49829,0107000083